data/MAAP/BO0001R.20140101000000.20141231000000.filter_absorption_photometer.aerosol_absorption_coefficient.pm10.1y.1h.BO01L_MAAP_5012_CHACALTAYA_BOLIVIA.NO01L_MAAP_5012.lev2.nas
76 1001
Andrade, Marcos; Zaratti, Francesco
BO01L, Universidad Mayor de San Andrés, UMSA-LAP, Laboratory for Atmospheric Physics, Campus Cota Cota calle 27, Endifico FCPN piso 3, 04680, La Paz, Bolivia
Velarde, Fernando
GAW-WDCA GUAN ACTRIS
1 1
2014 01 01   2015 03 01
0.041667
days from file reference point
7
1 1 1 1 1 1 1
9999.999999 9999.99 9999.99 999999.999999 999999.999999 999999.999999 9.999
end_time of measurement, days from the file reference point
pressure, hPa, Location=instrument internal, Matrix=instrument, Detection limit=, Detection limit expl.=, Measurement uncertainty=
temperature, K, Location=instrument internal, Matrix=instrument, Detection limit=, Detection limit expl.=, Measurement uncertainty=
aerosol_absorption_coefficient, 1/Mm, Wavelength=670.0 nm
aerosol_absorption_coefficient, 1/Mm, Wavelength=670.0 nm, Statistics=percentile:15.87
aerosol_absorption_coefficient, 1/Mm, Wavelength=670.0 nm, Statistics=percentile:84.13
numflag, no unit
0
55
Data definition:              EBAS_1.1
Set type code:                TU
Timezone:                     UTC
File name:                    BO0001R.20140101000000.20141231000000.filter_absorption_photometer.aerosol_absorption_coefficient.pm10.1y.1h.BO01L_MAAP_5012_CHACALTAYA_BOLIVIA.NO01L_MAAP_5012.lev2.nas
File creation:                20160520151622
Startdate:                    20140101000000
Revision date:                20150301000000
Version:                      1
Version description:          initial revision
Statistics:                   arithmetic mean
Data level:                   2
Period code:                  1y
Resolution code:              1h
Sample duration:              1h
Orig. time res.:              1mn
Station code:                 BO0001R
Platform code:                BO0001S
Station name:   	      Chacaltaya Station Atmospheric Monitoring Site	
Station latitude:             -16.35
Station longitude:            -68.13
Station altitude:             5240m
Measurement latitude:         -16.35
Measurement longitude:        -68.13
Measurement altitude:         5240m
Measurement height:           5.0m
Regime:                       
Component:                    aerosol_absorption_coefficient
Unit:                         1/Mm
Matrix:                       pm10
Instrument type:              filter_absorption_photometer
Laboratory code:              BO01L
Instrument name:              MAAP_5012_CHACALTAYA_BOLIVIA
Instrument manufacturer:      Thermo
Instrument model:             5012
Instrument serial number:     None
Method ref:                   NO01L_MAAP_5012
Standard method:              Single-angle_Correction=none
Inlet type:                   Whole-air inlet
Inlet description:            Automatic heater dryer which is activated for Relative Humidity great than 90%, flow 162.00 l/min
Humidity/temperature control: None
Humidity/temperature control description: passive, sample heated from atmospheric to lab temperature
Volume std. temperature:      273.15K
Volume std. pressure:         1013.25hPa
Detection limit:              0.1 1/Mm
Detection limit expl.:        Determined by instrument noise characteristics, no detection limit flag used
Measurement uncertainty:      6.0 %
Measurement uncertainty expl.: typical value of unit-to-unit variability
Zero/negative values code:    Zero/negative possible
Zero/negative values:         Zero and neg. values may appear due to statistical variations at very low concentrations
Originator:                   Andrade, Marcos, mandrade@atmos.umd.edu, Laboratory for Atmospheric Physics, LAP, , Campus Cota Cota calle 27 FCPN Building piso 3, , 4680, La Paz, Bolivia
Originator:                   Zaratti, Francesco, fzaratti@umsa.bo, Laboratory for Atmospheric Physics, LAP, , Campus Cota Cota calle 27 FCPN Building piso 3, , 4680, La Paz, Bolivia
Submitter:                    Velarde, Fernando, fvelarde@chacaltaya.edu.bo, Laboratory for Atmospheric Physics, LAP, , Campus Cota Cota calle 27 FCPN Building piso 3, , 4680, La Paz, Bolivia
Acknowledgement:              Request acknowledgement details from data originator
Comment:                      None
start_time    end_time   p_int      T_int       abs670       abs670pc16     abs670pc84   numflag 
[from data line 6167]
256.958333  257.000000   539.18    39.49       2.459600       1.320000       3.432000     0.000
257.000000  257.041667   539.81    39.46       1.034000       0.528000       1.452000     0.000
257.041667  257.083333   540.02    39.34       0.668800       0.264000       1.122000     0.000
257.083333  257.125000   540.11    39.19       0.877800       0.462000       1.452000     0.000
257.125000  257.166667   540.11    39.02       1.199000       0.462000       1.848000     0.000
257.166667  257.208333   539.97    38.91       0.913933       0.528000       1.254000     0.000
257.208333  257.250000   539.66    38.80       0.749100       0.264000       1.386000     0.000
257.250000  257.291667   539.16    38.66       0.499400       0.132000       0.924000     0.000
257.291667  257.333333   539.04    38.49       0.288200       0.066000       0.528000     0.000
257.333333  257.375000   539.03    38.31       0.240900      -0.000000       0.528000     0.000
257.375000  257.416667   539.07    38.11       0.163900       0.000000       0.462000     0.000
257.416667  257.458333   539.30    37.92       0.241627      -0.000000       0.528000     0.000
257.458333  257.500000   539.83    37.76       0.114400       0.000000       0.330000     0.000
257.500000  257.541667   540.13    37.66       0.458700      -0.000000       0.858000     0.000
257.541667  257.583333   540.63    37.71       0.319393      -0.000000       0.726000     0.000
257.583333  257.625000   540.88    37.86       0.112588      -0.066000       0.396000     0.000
257.625000  257.666667   540.76    38.19       0.022000      -0.132000       0.330000     0.000
257.666667  257.708333   540.23    38.56       0.853525      -0.000000       2.112000     0.000
257.708333  257.750000   539.98    38.88       2.242882       1.518000       2.970000     0.000
257.750000  257.791667   539.47    39.16       1.536700       0.924000       2.112000     0.000
257.791667  257.833333   539.09    39.30       3.290760       2.442000       4.092000     0.000
257.833333  257.875000   539.07    39.32       3.738778       1.122000       6.666000     0.000
257.875000  257.916667   539.15    39.24       1.006780       0.594000       1.650000     0.000
257.916667  257.958333   539.52    39.17       1.026414       0.528000       1.452000     0.000
257.958333  258.000000   539.88    39.07       1.095600       0.660000       1.650000     0.000
258.000000  258.041667   540.01    38.91       0.396000      -0.000000       0.924000     0.000
258.041667  258.083333   540.18    38.74       0.351254       0.066000       0.594000     0.000
258.083333  258.125000   540.37    38.56       0.731593       0.330000       1.188000     0.000
258.125000  258.166667   540.20    38.39       0.769627       0.264000       1.254000     0.000
258.166667  258.208333   539.91    38.19       0.841500       0.396000       1.254000     0.000
258.208333  258.250000   539.29    37.99       0.588923       0.000000       1.056000     0.000
258.250000  258.291667   538.95    37.76       0.337333       0.000000       0.792000     0.000
258.291667  258.333333   538.79    37.58       0.319500       0.066000       0.726000     0.000
258.333333  258.375000   538.71    37.39       0.439043       0.066000       0.858000     0.000
258.375000  258.416667   538.79    37.21       0.430868      -0.000000       0.924000     0.000
258.416667  258.458333   539.01    37.07       0.469700       0.198000       0.858000     0.000
258.458333  258.500000   539.63    36.97       0.444400       0.066000       0.858000     0.000
258.500000  258.541667   540.06    36.93       0.269500       0.000000       0.528000     0.000
258.541667  258.583333   540.50    37.01       0.403700       0.066000       0.924000     0.000
258.583333  258.625000   540.78    37.21       1.347500       0.858000       1.914000     0.000
258.625000  258.666667   540.71    37.44       1.064800       0.462000       1.650000     0.000
258.666667  258.708333   540.14    37.87       1.673100       0.726000       3.036000     0.000
258.708333  258.750000   539.59    38.38       3.696001       2.970000       4.422000     0.000
258.750000  258.791667   539.01    38.64       6.074199       5.478000       6.995999     0.000
258.791667  258.833333   538.71    38.84       4.717900       3.960000       5.346000     0.000
258.833333  258.875000   538.40    38.90       1.180301       0.132000       2.574000     0.000
258.875000  258.916667   538.41    38.99       0.552200       0.198000       1.056000     0.000
258.916667  258.958333   538.17    39.12       0.514800       0.132000       0.924000     0.000
258.958333  259.000000   538.58    39.18       0.360800      -0.000000       0.924000     0.000
259.000000  259.041667   538.87    39.16       0.515900       0.132000       0.990000     0.000
259.041667  259.083333   539.06    39.06       0.237600      -0.000000       0.462000     0.000
259.083333  259.125000   539.08    38.94       0.316800      -0.000000       0.726000     0.000
259.125000  259.166667   539.05    38.83       0.308000       0.000000       0.660000     0.000
259.166667  259.208333   538.90    38.72       0.365200      -0.000000       0.792000     0.000
259.208333  259.250000   538.43    38.61       0.350900       0.132000       0.660000     0.000
259.250000  259.291667   538.07    38.51       0.491700       0.132000       1.122000     0.000
259.291667  259.333333   538.01    38.40       0.664475       0.198000       1.122000     0.000
259.333333  259.375000   537.93    38.28       0.549621       0.132000       1.122000     0.000
259.375000  259.416667   538.00    38.16       0.415800       0.066000       0.792000     0.000
259.416667  259.458333   538.16    38.00       0.116600      -0.066000       0.462000     0.000
259.458333  259.500000   538.78    37.85       0.112200      -0.066000       0.330000     0.000
259.500000  259.541667   539.25    37.72       0.017600      -0.000000       0.066000     0.000
259.541667  259.583333   539.84    37.70       0.083600      -0.000000       0.198000     0.000
259.583333  259.625000   540.00    37.83       0.151800      -0.066000       0.462000     0.000
259.625000  259.666667   539.91    38.06       0.099000      -0.132000       0.396000     0.000
259.666667  259.708333   539.40    38.27       0.151800      -0.000000       0.396000     0.000
259.708333  259.750000   538.82    38.45       0.105600      -0.066000       0.396000     0.000
259.750000  259.791667   538.21    38.67       0.287100      -0.066000       0.792000     0.000
259.791667  259.833333   537.57    38.96       0.356400       0.000000       0.792000     0.000
259.833333  259.875000   537.13    39.33       0.535700       0.066000       1.056000     0.000
259.875000  259.916667   537.13    39.75       0.364100       0.000000       0.792000     0.000
259.916667  259.958333   537.29    39.97       0.233200      -0.066000       0.594000     0.000
259.958333  260.000000   537.82    39.89       0.249700       0.000000       0.660000     0.000
260.000000  260.041667   538.12    39.61       0.233200       0.000000       0.594000     0.000
260.041667  260.083333   538.29    39.28       0.265100       0.000000       0.594000     0.000
260.083333  260.125000   538.63    39.00       0.214500      -0.000000       0.528000     0.000
260.125000  260.166667   538.54    38.79       0.273900      -0.000000       0.594000     0.000
260.166667  260.208333   538.13    38.61       0.250800      -0.000000       0.528000     0.000
260.208333  260.250000   537.88    38.47       0.447700       0.066000       0.924000     0.000
260.250000  260.291667   537.28    38.33       0.982300       0.528000       1.518000     0.000
260.291667  260.333333   537.13    38.21       0.642400       0.264000       0.990000     0.000
260.333333  260.375000   537.09    38.11       0.812900       0.528000       1.188000     0.000
260.375000  260.416667   537.27    38.03       0.922900       0.462000       1.320000     0.000
260.416667  260.458333   537.81    37.94       0.624800       0.132000       0.990000     0.000
260.458333  260.500000   538.21    37.87       0.565400       0.132000       0.990000     0.000
260.500000  260.541667   538.90    37.86       0.638000       0.132000       1.188000     0.000
260.541667  260.583333   539.15    37.97       0.778800       0.396000       1.122000     0.000
260.583333  260.625000   539.27    38.18       1.920600       0.660000       3.102000     0.000
260.625000  260.666667   539.17    38.37       2.504700       1.254000       3.498000     0.000
260.666667  260.708333   538.83    38.54       2.258300       1.122000       3.432000     0.000
260.708333  260.750000   538.05    38.66       2.082300       1.518000       2.706000     0.000
260.750000  260.791667   537.27    38.76       1.456400       1.056000       2.046000     0.000
260.791667  260.833333   536.94    38.85       1.086800       0.594000       1.650000     0.000
260.833333  260.875000   536.93    38.90       1.988800       1.386000       2.442000     0.000
260.875000  260.916667   536.96    38.93       3.276508       2.244000       4.422000     0.000
260.916667  260.958333   537.04    38.87       0.679800       0.066000       1.518000     0.000
260.958333  261.000000   537.49    38.74       1.356300       0.462000       2.244000     0.000
261.000000  261.041667   537.88    38.55       0.888800       0.330000       1.650000     0.000
261.041667  261.083333   538.29    38.31       1.294700       0.264000       2.376000     0.000
261.083333  261.125000   538.59    38.06       0.724900       0.264000       1.254000     0.000
261.125000  261.166667   538.43    37.83       0.751300       0.330000       1.254000     0.000
261.166667  261.208333   538.13    37.65       0.732600       0.198000       1.386000     0.000
261.208333  261.250000   537.91    37.47       0.547800       0.132000       0.990000     0.000
261.250000  261.291667   537.30    37.26       0.382800       0.066000       0.726000     0.000
261.291667  261.333333   537.11    37.03       0.550000       0.066000       1.122000     0.000
261.333333  261.375000   537.12    36.88       0.444400       0.132000       0.924000     0.000
261.375000  261.416667   537.39    36.78       0.598400       0.066000       1.188000     0.000
261.416667  261.458333   537.92    36.69       0.601700       0.198000       1.056000     0.000
261.458333  261.500000   538.24    36.67       0.477400       0.132000       0.858000     0.000
261.500000  261.541667   538.70    36.82       0.272800      -0.066000       0.726000     0.000
261.541667  261.583333   539.04    37.20       0.246400      -0.066000       0.858000     0.000
261.583333  261.625000   539.06    37.64       0.369600       0.000000       0.792000     0.000
261.625000  261.666667   538.98    38.23       0.426800      -0.066000       1.320000     0.000
261.666667  261.708333   538.52    38.82       0.649000       0.000000       1.188000     0.000
261.708333  261.750000   537.99    39.22       0.768900       0.330000       1.188000     0.000
261.750000  261.791667   537.27    39.45       0.744700       0.264000       1.254000     0.000
261.791667  261.833333   537.01    39.60       0.702900       0.264000       1.122000     0.000
261.833333  261.875000   536.95    39.71       0.258500       0.000000       0.594000     0.000
261.875000  261.916667   536.78    39.80       0.310200       0.066000       0.594000     0.000
261.916667  261.958333   536.98    39.77       0.418000       0.132000       0.792000     0.000
261.958333  262.000000   537.25    39.48       0.655600       0.132000       1.320000     0.000
262.000000  262.041667   537.95    39.04       1.163800       0.594000       1.914000     0.000
262.041667  262.083333   538.64    38.60       2.788501       1.914000       3.564000     0.000
262.083333  262.125000   538.90    38.19       2.759695       1.980000       3.498000     0.000
262.125000  262.166667   538.96    37.83       1.347966       0.594000       2.112000     0.000
262.166667  262.208333   538.66    37.49       2.002000       1.584000       2.376000     0.000
262.208333  262.250000   538.07    37.22       1.688501       1.188000       2.112000     0.000
262.250000  262.291667   537.74    36.98       1.772100       1.386000       2.178000     0.000
262.291667  262.333333   537.37    36.81       1.529001       1.122000       1.980000     0.000
262.333333  262.375000   537.35    36.63       1.772100       1.320000       2.310000     0.000
262.375000  262.416667   537.59    36.47       1.591700       1.188000       2.046000     0.000
262.416667  262.458333   538.01    36.32       1.358500       0.990000       1.716000     0.000
262.458333  262.500000   538.65    36.24       1.585100       1.056000       2.046000     0.000
262.500000  262.541667   539.07    36.25       1.963500       1.386000       2.574000     0.000
262.541667  262.583333   539.43    36.42       2.159300       1.782000       2.706000     0.000
262.583333  262.625000   539.69    36.73       1.894201       1.452000       2.442000     0.000
262.625000  262.666667   539.26    37.26       1.735800       1.452000       2.310000     0.000
262.666667  262.708333   538.83    37.87       1.401400       0.726000       2.046000     0.000
262.708333  262.750000   538.41    38.37       1.018600       0.330000       1.848000     0.000
262.750000  262.791667   538.03    38.63       0.591800       0.066000       1.254000     0.000
262.791667  262.833333   537.57    38.90       0.465300      -0.000000       0.990000     0.000
262.833333  262.875000   537.14    39.21       0.526900       0.066000       1.056000     0.000
262.875000  262.916667   537.17    39.47       0.355300       0.066000       0.858000     0.000
262.916667  262.958333   537.61    39.54       0.349800      -0.000000       0.726000     0.000
262.958333  263.000000   537.98    39.27       0.205700      -0.198000       0.462000     0.000
263.000000  263.041667   538.35    38.82       0.284900       0.000000       0.792000     0.000
263.041667  263.083333   539.04    38.35       0.222200      -0.066000       0.462000     0.000
263.083333  263.125000   539.21    37.92       0.203500       0.000000       0.396000     0.000
263.125000  263.166667   539.18    37.56       0.271700       0.000000       0.792000     0.000
263.166667  263.208333   539.03    37.28       0.242000      -0.000000       0.528000     0.000
263.208333  263.250000   538.42    37.05       0.369600       0.066000       0.792000     0.000
263.250000  263.291667   538.11    36.84       0.418000       0.132000       0.660000     0.000
263.291667  263.333333   537.94    36.69       0.237849      -0.000000       0.528000     0.000
263.333333  263.375000  9999.99  9999.99  999999.999999  999999.999999  999999.999999     0.999
263.375000  263.416667  9999.99  9999.99  999999.999999  999999.999999  999999.999999     0.999
263.416667  263.458333  9999.99  9999.99  999999.999999  999999.999999  999999.999999     0.999
263.458333  263.500000  9999.99  9999.99  999999.999999  999999.999999  999999.999999     0.999
263.500000  263.541667  9999.99  9999.99  999999.999999  999999.999999  999999.999999     0.999
263.541667  263.583333  9999.99  9999.99  999999.999999  999999.999999  999999.999999     0.999
263.583333  263.625000  9999.99  9999.99  999999.999999  999999.999999  999999.999999     0.999
263.625000  263.666667  9999.99  9999.99  999999.999999  999999.999999  999999.999999     0.999
263.666667  263.708333  9999.99  9999.99  999999.999999  999999.999999  999999.999999     0.999
263.708333  263.750000  9999.99  9999.99  999999.999999  999999.999999  999999.999999     0.999
263.750000  263.791667  9999.99  9999.99  999999.999999  999999.999999  999999.999999     0.999
263.791667  263.833333  9999.99  9999.99  999999.999999  999999.999999  999999.999999     0.999
263.833333  263.875000  9999.99  9999.99  999999.999999  999999.999999  999999.999999     0.999
