data/MAAP/BO0001R.20120101000000.20121231000000.filter_absorption_photometer.aerosol_absorption_coefficient.pm10.1y.1h.BO01L_MAAP_5012_CHACALTAYA_BOLIVIA.NO01L_MAAP_5012.lev2.nas
76 1001
Andrade, Marcos; Zaratti, Francesco
BO01L, Universidad Mayor de San Andrés, UMSA-LAP, Laboratory for Atmospheric Physics, Campus Cota Cota calle 27, Endifico FCPN piso 3, 04680, La Paz, Bolivia
Velarde, Fernando
GAW-WDCA GUAN ACTRIS
1 1
2012 01 01   2013 03 01
0.041667
days from file reference point
7
1 1 1 1 1 1 1
9999.999999 9999.99 9999.99 999999.999999 999999.999999 999999.999999 9.999
end_time of measurement, days from the file reference point
pressure, hPa, Location=instrument internal, Matrix=instrument, Detection limit=, Detection limit expl.=, Measurement uncertainty=
temperature, K, Location=instrument internal, Matrix=instrument, Detection limit=, Detection limit expl.=, Measurement uncertainty=
aerosol_absorption_coefficient, 1/Mm, Wavelength=670.0 nm
aerosol_absorption_coefficient, 1/Mm, Wavelength=670.0 nm, Statistics=percentile:15.87
aerosol_absorption_coefficient, 1/Mm, Wavelength=670.0 nm, Statistics=percentile:84.13
numflag, no unit
0
55
Data definition:              EBAS_1.1
Set type code:                TU
Timezone:                     UTC
File name:                    BO0001R.20120101000000.20121231000000.filter_absorption_photometer.aerosol_absorption_coefficient.pm10.1y.1h.BO01L_MAAP_5012_CHACALTAYA_BOLIVIA.NO01L_MAAP_5012.lev2.nas
File creation:                20160520144914
Startdate:                    20120101000000
Revision date:                20130301000000
Version:                      1
Version description:          initial revision
Statistics:                   arithmetic mean
Data level:                   2
Period code:                  1y
Resolution code:              1h
Sample duration:              1h
Orig. time res.:              1mn
Station code:                 BO0001R
Platform code:                BO0001S
Station name:   	      Chacaltaya Station Atmospheric Monitoring Site	
Station latitude:             -16.35
Station longitude:            -68.13
Station altitude:             5240m
Measurement latitude:         -16.35
Measurement longitude:        -68.13
Measurement altitude:         5240m
Measurement height:           5.0m
Regime:                       
Component:                    aerosol_absorption_coefficient
Unit:                         1/Mm
Matrix:                       pm10
Instrument type:              filter_absorption_photometer
Laboratory code:              BO01L
Instrument name:              MAAP_5012_CHACALTAYA_BOLIVIA
Instrument manufacturer:      Thermo
Instrument model:             5012
Instrument serial number:     None
Method ref:                   NO01L_MAAP_5012
Standard method:              Single-angle_Correction=none
Inlet type:                   Whole-air inlet
Inlet description:            Automatic heater dryer which is activated for Relative Humidity great than 90%, flow 162.00 l/min
Humidity/temperature control: None
Humidity/temperature control description: passive, sample heated from atmospheric to lab temperature
Volume std. temperature:      273.15K
Volume std. pressure:         1013.25hPa
Detection limit:              0.1 1/Mm
Detection limit expl.:        Determined by instrument noise characteristics, no detection limit flag used
Measurement uncertainty:      6.0 %
Measurement uncertainty expl.: typical value of unit-to-unit variability
Zero/negative values code:    Zero/negative possible
Zero/negative values:         Zero and neg. values may appear due to statistical variations at very low concentrations
Originator:                   Andrade, Marcos, mandrade@atmos.umd.edu, Laboratory for Atmospheric Physics, LAP, , Campus Cota Cota calle 27 FCPN Building piso 3, , 4680, La Paz, Bolivia
Originator:                   Zaratti, Francesco, fzaratti@umsa.bo, Laboratory for Atmospheric Physics, LAP, , Campus Cota Cota calle 27 FCPN Building piso 3, , 4680, La Paz, Bolivia
Submitter:                    Velarde, Fernando, fvelarde@chacaltaya.edu.bo, Laboratory for Atmospheric Physics, LAP, , Campus Cota Cota calle 27 FCPN Building piso 3, , 4680, La Paz, Bolivia
Acknowledgement:              Request acknowledgement details from data originator
Comment:                      None
start_time    end_time   p_int      T_int       abs670       abs670pc16     abs670pc84   numflag 
[from data line 4167]
173.625000  173.666667   539.08    27.33       0.759292       0.231033       1.381657     0.000
173.666667  173.708333   538.94    27.54       1.172847       0.596396       1.649723     0.000
173.708333  173.750000   538.31    27.72       1.242548       0.660812       1.753429     0.000
173.750000  173.791667   538.01    27.91       0.997779       0.527914       1.711307     0.000
173.791667  173.833333   537.89    28.24       0.618499       0.165026       1.056601     0.000
173.833333  173.875000   537.78    28.69       0.509838       0.099033       1.053433     0.000
173.875000  173.916667   537.76    29.20       0.758114       0.263558       1.384106     0.000
173.916667  173.958333   537.93    29.51       0.705844       0.198132       1.188832     0.000
173.958333  174.000000   538.05    29.24       0.365733       0.098729       0.660772     0.000
174.000000  174.041667   538.21    28.92       0.253574      -0.000000       0.723413     0.000
174.041667  174.083333   538.67    28.62       0.329794       0.000000       0.892696     0.000
174.083333  174.125000   538.91    28.36       0.268563       0.000000       0.591644     0.000
174.125000  174.166667   538.87    28.16       0.348094       0.032980       0.759152     0.000
174.166667  174.208333   538.71    27.95       0.333289       0.033020       0.660772     0.000
174.208333  174.250000   538.51    27.75       0.362001       0.065941       0.792449     0.000
174.250000  174.291667   538.15    27.56       0.282061      -0.000000       0.497165     0.000
174.291667  174.333333   538.03    27.38       0.285326      -0.000000       0.494241     0.000
174.333333  174.375000   538.05    27.22       0.312364       0.032987       0.560703     0.000
174.375000  174.416667   538.13    27.07       0.484505       0.132112       0.890525     0.000
174.416667  174.458333   538.31    26.92       0.624366       0.230716       1.153733     0.000
174.458333  174.500000   538.82    26.83       0.594652       0.165066       1.053855     0.000
174.500000  174.541667   539.17    26.81       0.475657       0.033013       0.958947     0.000
174.541667  174.583333   539.67    26.94       0.509101       0.132165       0.892901     0.000
174.583333  174.625000   539.82    27.21       0.408496      -0.000000       0.923967     0.000
174.625000  174.666667   539.71    27.62       1.876773       0.430003       3.363980     0.000
174.666667  174.708333   539.15    28.17       1.046811       0.197749       2.277759     0.000
174.708333  174.750000   538.84    28.65       0.245877      -0.098809       0.859802     0.000
174.750000  174.791667   538.25    29.05       0.322738      -0.033007       0.823429     0.000
174.791667  174.833333   537.99    29.43       0.283694      -0.232155       0.692677     0.000
174.833333  174.875000   537.91    29.72       0.451555       0.099231       0.924614     0.000
174.875000  174.916667   537.84    29.98       0.154077      -0.230762       0.593109     0.000
174.916667  174.958333   537.86    30.22       0.205662      -0.000000       0.559805     0.000
174.958333  175.000000   538.09    29.94       0.104028      -0.197492       0.395710     0.000
175.000000  175.041667   538.67    29.51       0.174322      -0.065954       0.429086     0.000
175.041667  175.083333   538.97    29.12       0.227607      -0.132112       0.692327     0.000
175.083333  175.125000   539.09    28.85       0.143581      -0.099139       0.462013     0.000
175.125000  175.166667   539.08    28.63       0.352450       0.033026       0.692538     0.000
175.166667  175.208333   539.09    28.39       0.454646       0.065901       0.791314     0.000
175.208333  175.250000   539.10    28.28       0.480680       0.165178       0.825825     0.000
175.250000  175.291667   538.93    28.19       0.534092       0.197835       0.889423     0.000
175.291667  175.333333   538.60    28.04       0.599887       0.230663       1.053360     0.000
175.333333  175.375000   538.70    27.90       0.519205       0.165218       0.989076     0.000
175.375000  175.416667   538.88    27.76       0.401345       0.065980       0.727716     0.000
175.416667  175.458333   538.92    27.59       0.577700       0.164927       0.989406     0.000
175.458333  175.500000   539.14    27.46       0.570341       0.164749       1.123162     0.000
175.500000  175.541667   539.79    27.41       0.708801      -0.000000       1.387478     0.000
175.541667  175.583333   540.22    27.34       0.630829       0.264607       1.022795     0.000
175.583333  175.625000   540.31    27.42       0.623528       0.165112       1.185545     0.000
175.625000  175.666667   540.09    27.73       1.158716       0.526924       1.911386     0.000
175.666667  175.708333   539.87    28.16       0.993205       0.428868       1.716686     0.000
175.708333  175.750000   539.30    28.59       0.850915       0.297917       1.481086     0.000
175.750000  175.791667   538.99    28.85       0.882490       0.296795       1.551568     0.000
175.791667  175.833333   538.74    29.02       0.488437       0.098901       1.056073     0.000
175.833333  175.875000   538.23    29.24       0.593449       0.164855       1.287172     0.000
175.875000  175.916667   538.17    29.63       0.435825      -0.231046       0.889007     0.000
175.916667  175.958333   538.57    29.87       1.954476       1.023409       3.366337     0.000
175.958333  176.000000   538.86    29.53       1.298547       0.758875       2.110594     0.000
176.000000  176.041667   539.05    29.10       1.094277       0.561205       1.576714     0.000
176.041667  176.083333   539.37    28.71       1.158141       0.628294       1.610209     0.000
176.083333  176.125000   539.72    28.39       1.098381       0.597208       1.714396     0.000
176.125000  176.166667   539.80    28.13       1.062288       0.625350       1.520831     0.000
176.166667  176.208333   539.79    27.93       1.627311       1.120093       2.247366     0.000
176.208333  176.250000   539.68    27.74       0.523313       0.197551       0.894742     0.000
176.250000  176.291667   539.24    27.54       0.190821      -0.066356       0.528561     0.000
176.291667  176.333333   538.89    27.33      -0.003127      -0.165013       0.197967     0.000
176.333333  176.375000   538.89    27.16       0.068841      -0.296406       0.462957     0.000
176.375000  176.416667   538.93    27.02      -0.014891      -0.165132       0.099013     0.000
176.416667  176.458333   538.99    26.89       0.004148      -0.197927       0.198310     0.000
176.458333  176.500000   539.17    26.79       0.000023      -0.132046       0.132218     0.000
176.500000  176.541667   539.81    26.76       0.055363      -0.263927       0.428815     0.000
176.541667  176.583333   540.01    26.90       0.019611      -0.099172       0.230921     0.000
176.583333  176.625000   540.04    27.28       0.243324      -0.164531       0.659848     0.000
176.625000  176.666667   539.93    27.68       0.937994       0.428498       1.418432     0.000
176.666667  176.708333   539.46    28.06       1.215600       0.528865       1.977162     0.000
176.708333  176.750000   539.00    28.32       0.769703       0.395630       1.253960     0.000
176.750000  176.791667   538.53    28.61       0.779786       0.363119       1.354531     0.000
176.791667  176.833333   538.04    28.91       0.580156       0.165007       1.054766     0.000
176.833333  176.875000   537.73    29.19       0.563179       0.197927       0.959904     0.000
176.875000  176.916667   537.71    29.48       0.428890      -0.033026       0.857485     0.000
176.916667  176.958333   537.75    29.77       0.420604       0.033099       0.924680     0.000
176.958333  177.000000   538.00    29.50       0.229304       0.000000       0.396040     0.000
177.000000  177.041667   538.20    29.10       0.359067      -0.000000       0.757508     0.000
177.041667  177.083333   538.71    28.71       0.266219       0.000000       0.461630     0.000
177.083333  177.125000   538.92    28.40       0.372701       0.065710       0.695006     0.000
177.125000  177.166667   538.91    28.14       0.362023       0.032980       0.725373     0.000
177.166667  177.208333   538.86    27.91       0.548747       0.296116       0.859003     0.000
177.208333  177.250000   538.52    27.72       0.676269       0.131954       1.155343     0.000
177.250000  177.291667   538.17    27.55       0.570022       0.198409       1.023515     0.000
177.291667  177.333333   538.02    27.37       0.385888       0.065934       0.760188     0.000
177.333333  177.375000   537.96    27.19       0.490607       0.066007       0.891000     0.000
177.375000  177.416667   538.05    27.03       0.483626       0.132106       0.989967     0.000
177.416667  177.458333   538.15    26.86       0.276098       0.033026       0.593287     0.000
177.458333  177.500000   538.54    26.74       0.454301       0.099099       0.926620     0.000
177.500000  177.541667   538.94    26.74       0.518213       0.164432       0.987096     0.000
177.541667  177.583333   539.09    26.91       0.614963       0.132013       1.091614     0.000
177.583333  177.625000   539.15    27.25       3.020207       0.462244       8.472782     0.000
177.625000  177.666667   539.04    27.67      12.206938       9.666426      14.631000     0.000
177.666667  177.708333   538.92    28.10      12.442183      10.999586      13.748941     0.000
177.708333  177.750000   538.43    28.50      13.450134      11.171846      15.074083     0.000
177.750000  177.791667   538.05    28.84       8.544583       4.350627      12.331566     0.000
177.791667  177.833333   537.78    29.18       2.731458       1.553640       5.720609     0.000
177.833333  177.875000   537.69    29.45       1.442557       0.823706       2.016425     0.000
177.875000  177.916667   537.86    29.68       1.007999       0.296307       1.647908     0.000
177.916667  177.958333   538.05    29.73       0.734162       0.362914       1.187802     0.000
177.958333  178.000000   538.28    29.39       0.712422       0.198376       1.189624     0.000
178.000000  178.041667   538.82    29.03       0.680114       0.296459       1.053994     0.000
178.041667  178.083333   539.06    28.70       0.692241       0.297673       1.122561     0.000
178.083333  178.125000   539.15    28.43       0.599444       0.230736       0.959455     0.000
178.125000  178.166667   539.17    28.20       0.609558       0.230360       1.220307     0.000
178.166667  178.208333   539.15    28.01       0.516309       0.132574       0.887647     0.000
178.208333  178.250000   539.04    27.85       0.608835       0.198343       1.023785     0.000
178.250000  178.291667   538.86    27.72       0.579624       0.230736       0.925076     0.000
178.291667  178.333333   538.59    27.58       0.502157       0.164987       0.890168     0.000
178.333333  178.375000   538.66    27.47       0.616848       0.231521       1.156696     0.000
178.375000  178.416667   538.80    27.37       0.590205       0.230815       0.952756     0.000
178.416667  178.458333   539.02    27.27       0.815967       0.429990       1.256798     0.000
178.458333  178.500000   539.33    27.19       0.722629       0.461432       1.057445     0.000
178.500000  178.541667   539.86    27.17       0.797540       0.461663       1.118819     0.000
178.541667  178.583333   540.04    27.30       0.766469       0.395578       1.185664     0.000
178.583333  178.625000   540.01    27.52       0.964785       0.362881       1.487719     0.000
178.625000  178.666667   539.90    27.88       1.691252       0.988614       2.402895     0.000
178.666667  178.708333   539.48    28.32       1.589558       0.891950       2.316316     0.000
178.708333  178.750000   539.08    28.70       0.764171       0.296492       1.385122     0.000
178.750000  178.791667   538.72    28.97       0.806217       0.395564       1.284512     0.000
178.791667  178.833333   538.27    29.26       1.256324       0.695033       1.781881     0.000
178.833333  178.875000   538.09    29.57       1.051240       0.526555       1.548155     0.000
178.875000  178.916667   538.20    30.01       1.325743       0.789492       1.882445     0.000
178.916667  178.958333   538.57    30.30       1.189739       0.561878       1.813066     0.000
178.958333  179.000000   538.91    29.95       0.930972       0.396224       1.485640     0.000
179.000000  179.041667   539.10    29.51       0.775931       0.330211       1.449776     0.000
179.041667  179.083333   539.34    29.09       0.821833       0.329723       1.419997     0.000
179.083333  179.125000   539.68    28.73       0.805065       0.297752       1.315334     0.000
179.125000  179.166667   539.59    28.43       0.833516       0.296736       1.447109     0.000
179.166667  179.208333   539.27    28.17       0.820962       0.396198       1.326250     0.000
179.208333  179.250000   539.10    27.94       0.637328       0.263399       1.087951     0.000
179.250000  179.291667   538.97    27.74       0.949170       0.527102       1.449921     0.000
179.291667  179.333333   538.82    27.58       1.056126       0.725756       1.419000     0.000
179.333333  179.375000   538.69    27.43       0.875805       0.428974       1.315334     0.000
179.375000  179.416667   538.81    27.30       0.644260       0.363772       0.988218     0.000
179.416667  179.458333   538.97    27.17       0.528434       0.197868       0.826815     0.000
179.458333  179.500000   539.21    27.05       0.225126       0.032954       0.526502     0.000
179.500000  179.541667   539.78    26.98       0.206229      -0.098927       0.693482     0.000
179.541667  179.583333   540.04    27.08       0.171871      -0.000000       0.428868     0.000
179.583333  179.625000   540.03    27.38       1.372164      -0.000000       1.891474     0.000
179.625000  179.666667   539.91    27.79      10.434011       2.851715      16.613935     0.000
179.666667  179.708333   539.45    28.24      13.919714       8.260362      18.952864     0.000
179.708333  179.750000   539.01    28.63       7.411712       6.529862       8.773901     0.000
179.750000  179.791667   538.50    28.91       8.747850       7.920792       9.445868     0.000
179.791667  179.833333   538.12    29.16       3.974572       2.106647       6.720212     0.000
179.833333  179.875000   538.05    29.45       2.578214       2.072486       3.238310     0.000
179.875000  179.916667   538.04    29.88       5.079746       3.371161       7.363659     0.000
179.916667  179.958333   538.11    30.19       8.718217       5.083861      10.872213     0.000
179.958333  180.000000   538.51    29.88       3.175207       2.243551       4.298725     0.000
180.000000  180.041667   538.99    29.45       1.789024       1.091105       2.388118     0.000
180.041667  180.083333   539.10    29.07       1.485243       0.760696       2.084682     0.000
180.083333  180.125000   539.10    28.74       1.582435       0.395168       2.734617     0.000
180.125000  180.166667   539.03    28.45       0.268253      -0.000000       0.561488     0.000
180.166667  180.208333   539.00    28.17       0.300724       0.000000       0.627502     0.000
180.208333  180.250000   538.80    27.94       0.257319       0.032974       0.562663     0.000
180.250000  180.291667   538.29    27.76       0.354619       0.065881       0.692399     0.000
180.291667  180.333333   538.10    27.60       0.442923       0.066013       0.887198     0.000
180.333333  180.375000   538.06    27.47       0.434785       0.066191       0.858627     0.000
180.375000  180.416667   538.07    27.34       0.192914       0.000000       0.395934     0.000
180.416667  180.458333   538.20    27.22       0.218668      -0.033033       0.561337     0.000
180.458333  180.500000   538.67    27.12       0.072445      -0.032927       0.230696     0.000
180.500000  180.541667   539.08    27.10       0.121785       0.000000       0.296914     0.000
