data/MAAP/BO0001R.20150101000000.20151231000000.filter_absorption_photometer.aerosol_absorption_coefficient.pm10.1y.1h.BO01L_MAAP_5012_CHACALTAYA_BOLIVIA.NO01L_MAAP_5012.lev2.nas
76 1001
Andrade, Marcos; Zaratti, Francesco
BO01L, Universidad Mayor de San Andrés, UMSA-LAP, Laboratory for Atmospheric Physics, Campus Cota Cota calle 27, Endifico FCPN piso 3, 04680, La Paz, Bolivia
Velarde, Fernando
GAW-WDCA GUAN ACTRIS
1 1
2015 01 01   2016 03 01
0.041667
days from file reference point
7
1 1 1 1 1 1 1
9999.999999 9999.99 9999.99 999999.999999 999999.999999 999999.999999 9.999
end_time of measurement, days from the file reference point
pressure, hPa, Location=instrument internal, Matrix=instrument, Detection limit=, Detection limit expl.=, Measurement uncertainty=
temperature, K, Location=instrument internal, Matrix=instrument, Detection limit=, Detection limit expl.=, Measurement uncertainty=
aerosol_absorption_coefficient, 1/Mm, Wavelength=670.0 nm
aerosol_absorption_coefficient, 1/Mm, Wavelength=670.0 nm, Statistics=percentile:15.87
aerosol_absorption_coefficient, 1/Mm, Wavelength=670.0 nm, Statistics=percentile:84.13
numflag, no unit
0
55
Data definition:              EBAS_1.1
Set type code:                TU
Timezone:                     UTC
File name:                    BO0001R.20150101000000.20151231000000.filter_absorption_photometer.aerosol_absorption_coefficient.pm10.1y.1h.BO01L_MAAP_5012_CHACALTAYA_BOLIVIA.NO01L_MAAP_5012.lev2.nas
File creation:                20160617204933
Startdate:                    20150101000000
Revision date:                20160301000000
Version:                      1
Version description:          initial revision
Statistics:                   arithmetic mean
Data level:                   2
Period code:                  1y
Resolution code:              1h
Sample duration:              1h
Orig. time res.:              1mn
Station code:                 BO0001R
Platform code:                BO0001S
Station name:   	      Chacaltaya Station Atmospheric Monitoring Site	
Station latitude:             -16.35
Station longitude:            -68.13
Station altitude:             5240m
Measurement latitude:         -16.35
Measurement longitude:        -68.13
Measurement altitude:         5240m
Measurement height:           5.0m
Regime:                       
Component:                    aerosol_absorption_coefficient
Unit:                         1/Mm
Matrix:                       pm10
Instrument type:              filter_absorption_photometer
Laboratory code:              BO01L
Instrument name:              MAAP_5012_CHACALTAYA_BOLIVIA
Instrument manufacturer:      Thermo
Instrument model:             5012
Instrument serial number:     None
Method ref:                   NO01L_MAAP_5012
Standard method:              Single-angle_Correction=none
Inlet type:                   Whole-air inlet
Inlet description:            Automatic heater dryer which is activated for Relative Humidity great than 90%, flow 162.00 l/min
Humidity/temperature control: None
Humidity/temperature control description: passive, sample heated from atmospheric to lab temperature
Volume std. temperature:      273.15K
Volume std. pressure:         1013.25hPa
Detection limit:              0.1 1/Mm
Detection limit expl.:        Determined by instrument noise characteristics, no detection limit flag used
Measurement uncertainty:      6.0 %
Measurement uncertainty expl.: typical value of unit-to-unit variability
Zero/negative values code:    Zero/negative possible
Zero/negative values:         Zero and neg. values may appear due to statistical variations at very low concentrations
Originator:                   Andrade, Marcos, mandrade@atmos.umd.edu, Laboratory for Atmospheric Physics, LAP, , Campus Cota Cota calle 27 FCPN Building piso 3, , 4680, La Paz, Bolivia
Originator:                   Zaratti, Francesco, fzaratti@umsa.bo, Laboratory for Atmospheric Physics, LAP, , Campus Cota Cota calle 27 FCPN Building piso 3, , 4680, La Paz, Bolivia
Submitter:                    Velarde, Fernando, fvelarde@chacaltaya.edu.bo, Laboratory for Atmospheric Physics, LAP, , Campus Cota Cota calle 27 FCPN Building piso 3, , 4680, La Paz, Bolivia
Acknowledgement:              Request acknowledgement details from data originator
Comment:                      None
start_time    end_time   p_int      T_int       abs670       abs670pc16     abs670pc84   numflag 
[from data line 1167]
 48.625000   48.666667  9999.99  9999.99  999999.999999  999999.999999  999999.999999     0.999
 48.666667   48.708333  9999.99  9999.99  999999.999999  999999.999999  999999.999999     0.999
 48.708333   48.750000  9999.99  9999.99  999999.999999  999999.999999  999999.999999     0.999
 48.750000   48.791667  9999.99  9999.99  999999.999999  999999.999999  999999.999999     0.999
 48.791667   48.833333  9999.99  9999.99  999999.999999  999999.999999  999999.999999     0.999
 48.833333   48.875000  9999.99  9999.99  999999.999999  999999.999999  999999.999999     0.999
 48.875000   48.916667  9999.99  9999.99  999999.999999  999999.999999  999999.999999     0.999
 48.916667   48.958333  9999.99  9999.99  999999.999999  999999.999999  999999.999999     0.999
 48.958333   49.000000  9999.99  9999.99  999999.999999  999999.999999  999999.999999     0.999
 49.000000   49.041667  9999.99  9999.99  999999.999999  999999.999999  999999.999999     0.999
 49.041667   49.083333  9999.99  9999.99  999999.999999  999999.999999  999999.999999     0.999
 49.083333   49.125000  9999.99  9999.99  999999.999999  999999.999999  999999.999999     0.999
 49.125000   49.166667  9999.99  9999.99  999999.999999  999999.999999  999999.999999     0.999
 49.166667   49.208333  9999.99  9999.99  999999.999999  999999.999999  999999.999999     0.999
 49.208333   49.250000  9999.99  9999.99  999999.999999  999999.999999  999999.999999     0.999
 49.250000   49.291667  9999.99  9999.99  999999.999999  999999.999999  999999.999999     0.999
 49.291667   49.333333  9999.99  9999.99  999999.999999  999999.999999  999999.999999     0.999
 49.333333   49.375000  9999.99  9999.99  999999.999999  999999.999999  999999.999999     0.999
 49.375000   49.416667  9999.99  9999.99  999999.999999  999999.999999  999999.999999     0.999
 49.416667   49.458333  9999.99  9999.99  999999.999999  999999.999999  999999.999999     0.999
 49.458333   49.500000  9999.99  9999.99  999999.999999  999999.999999  999999.999999     0.999
 49.500000   49.541667  9999.99  9999.99  999999.999999  999999.999999  999999.999999     0.999
 49.541667   49.583333  9999.99  9999.99  999999.999999  999999.999999  999999.999999     0.999
 49.583333   49.625000   538.80   306.13       3.151500       1.188000       4.488000     0.000
 49.625000   49.666667   538.68   306.27       8.248879       6.336000       9.702000     0.000
 49.666667   49.708333   538.30   306.40       5.472499       4.224000       6.930000     0.000
 49.708333   49.750000   537.98   306.55       3.561800       3.234000       3.894000     0.000
 49.750000   49.791667   537.40   306.81       4.614500       3.630000       6.336000     0.000
 49.791667   49.833333   537.02   307.17       6.241399       5.610000       6.930000     0.000
 49.833333   49.875000   536.74   307.57       3.920400       3.168000       4.884000     0.000
 49.875000   49.916667   536.57   308.00       2.231900       1.452000       3.102000     0.000
 49.916667   49.958333   536.80   308.87       1.493801       0.528000       2.310000     0.000
 49.958333   50.000000   537.05   309.23       0.808500       0.264000       1.254000     0.000
 50.000000   50.041667   537.24   308.99       1.208900       0.528000       1.914000     0.000
 50.041667   50.083333   537.75   308.64       1.929400       1.320000       2.442000     0.000
 50.083333   50.125000   537.99   308.30       1.886500       1.254000       2.574000     0.000
 50.125000   50.166667   538.06   308.02       1.491600       0.792000       2.112000     0.000
 50.166667   50.208333   537.91   307.85       1.490211       1.122000       1.980000     0.000
 50.208333   50.250000   537.20   307.72       1.354100       0.792000       1.914000     0.000
 50.250000   50.291667   537.06   307.58       1.375000       0.660000       2.112000     0.000
 50.291667   50.333333   536.89   307.46       1.340136       0.726000       1.980000     0.000
 50.333333   50.375000   536.98   307.34       0.993736       0.528000       1.452000     0.000
 50.375000   50.416667   537.08   307.22       1.130556       0.594000       1.650000     0.000
 50.416667   50.458333   537.11   307.11       0.866250       0.396000       1.254000     0.000
 50.458333   50.500000   537.34   307.01       0.672913       0.330000       1.056000     0.000
 50.500000   50.541667   537.84   306.96       0.629020      -0.000000       1.254000     0.000
 50.541667   50.583333   538.03   306.99       0.605880      -0.066000       1.254000     0.000
 50.583333   50.625000  9999.99  9999.99  999999.999999  999999.999999  999999.999999     0.999
 50.625000   50.666667   538.12   307.23       1.686300       1.122000       2.442000     0.000
 50.666667   50.708333   538.07   307.48       2.072172       1.452000       2.838000     0.000
 50.708333   50.750000   537.81   307.61       4.451699       2.244000       6.270000     0.000
 50.750000   50.791667   537.24   307.66       3.042600       1.650000       4.554000     0.000
 50.791667   50.833333   536.96   307.85       2.820400       1.452000       4.158000     0.000
 50.833333   50.875000   536.73   308.11       2.802800       1.584000       4.224000     0.000
 50.875000   50.916667   536.72   308.30       2.313301       1.848000       2.640000     0.000
 50.916667   50.958333   536.91   308.39       1.648900       1.056000       2.178000     0.000
 50.958333   51.000000   537.13   308.32       0.848100       0.462000       1.320000     0.000
 51.000000   51.041667   537.87   308.14       1.127500       0.660000       1.650000     0.000
 51.041667   51.083333   538.20   307.91       1.262800       0.792000       1.782000     0.000
 51.083333   51.125000   538.82   307.70       1.030700       0.528000       1.584000     0.000
 51.125000   51.166667   538.85   307.55       0.381700       0.066000       0.660000     0.000
 51.166667   51.208333   538.68   307.48       0.365200       0.000000       0.726000     0.000
 51.208333   51.250000   538.14   307.43       0.497200       0.066000       0.990000     0.000
 51.250000   51.291667   537.84   307.36       0.192500      -0.000000       0.330000     0.000
 51.291667   51.333333   537.55   307.27       0.144100      -0.066000       0.330000     0.000
 51.333333   51.375000   537.62   307.18       0.380600      -0.264000       0.858000     0.000
 51.375000   51.416667   537.63   307.07       0.270600      -0.000000       0.528000     0.000
 51.416667   51.458333   537.78   306.93       0.408100       0.000000       0.924000     0.000
 51.458333   51.500000   538.02   306.83       0.257400       0.066000       0.462000     0.000
 51.500000   51.541667   538.55   306.75       0.358600      -0.000000       0.660000     0.000
 51.541667   51.583333   538.99   306.70       0.446600      -0.198000       0.990000     0.000
 51.583333   51.625000   539.08   306.79       0.410300       0.066000       0.792000     0.000
 51.625000   51.666667   539.09   307.02       0.279400       0.000000       0.594000     0.000
 51.666667   51.708333   539.06   307.24       0.251900      -0.000000       0.528000     0.000
 51.708333   51.750000   538.91   307.49       0.408100      -0.066000       0.660000     0.000
 51.750000   51.791667   538.33   307.80       0.110000      -0.198000       0.462000     0.000
 51.791667   51.833333   538.02   308.17       0.155100      -0.000000       0.396000     0.000
 51.833333   51.875000   537.74   308.51       0.039153      -0.198000       0.396000     0.000
 51.875000   51.916667   537.49   308.91       0.111864      -0.264000       0.528000     0.000
 51.916667   51.958333   537.64   309.51       0.216255      -0.396000       0.990000     0.000
 51.958333   52.000000   538.05   309.76       0.133375      -0.198000       0.396000     0.000
 52.000000   52.041667   538.45   309.34       0.185483      -0.066000       0.594000     0.000
 52.041667   52.083333   539.00   308.85       0.183458      -0.066000       0.462000     0.000
 52.083333   52.125000   539.16   308.37       0.174508      -0.066000       0.594000     0.000
 52.125000   52.166667   539.17   308.00       0.073700      -0.132000       0.264000     0.000
 52.166667   52.208333   539.06   307.79       0.172700      -0.066000       0.462000     0.000
 52.208333   52.250000   538.88   307.63       0.202400      -0.066000       0.594000     0.000
 52.250000   52.291667   538.43   307.48       0.093500      -0.066000       0.264000     0.000
 52.291667   52.333333   538.24   307.33       0.282700       0.000000       0.528000     0.000
 52.333333   52.375000   538.17   307.21       0.283800       0.066000       0.462000     0.000
 52.375000   52.416667   538.37   307.11       0.312400      -0.000000       0.726000     0.000
 52.416667   52.458333   538.76   307.03       0.146300       0.000000       0.330000     0.000
 52.458333   52.500000   539.04   307.01       0.210100       0.000000       0.396000     0.000
 52.500000   52.541667   539.38   307.04       0.125400       0.000000       0.264000     0.000
 52.541667   52.583333   539.88   307.19       0.024200      -0.132000       0.330000     0.000
 52.583333   52.625000   539.96   307.46       0.061959      -0.264000       0.396000     0.000
 52.625000   52.666667   539.84   307.86       0.363000      -0.000000       0.858000     0.000
 52.666667   52.708333   539.47   308.09       0.397100      -0.066000       0.924000     0.000
 52.708333   52.750000   539.12   308.09       0.256300      -0.264000       0.858000     0.000
 52.750000   52.791667   539.02   308.01       0.020900      -0.132000       0.198000     0.000
 52.791667   52.833333   538.90   307.94       0.023100       0.000000       0.066000     0.000
 52.833333   52.875000   538.66   307.82       0.097200      -0.132000       0.396000     0.000
 52.875000   52.916667   538.64   307.71       0.129000       0.000000       0.330000     0.000
 52.916667   52.958333   538.71   307.59       0.148500      -0.066000       0.528000     0.000
 52.958333   53.000000   538.88   307.50       0.213889      -0.066000       0.528000     0.000
 53.000000   53.041667   539.19   307.40       0.088537       0.000000       0.198000     0.000
 53.041667   53.083333   539.75   307.31       0.203176      -0.198000       0.660000     0.000
 53.083333   53.125000   539.91   307.22       0.210964      -0.000000       0.462000     0.000
 53.125000   53.166667   539.87   307.17       0.098421       0.000000       0.198000     0.000
 53.166667   53.208333   539.40   307.17       0.137789       0.000000       0.264000     0.000
 53.208333   53.250000   539.07   307.18       0.105111      -0.000000       0.264000     0.000
 53.250000   53.291667   538.94   307.15       0.098400      -0.000000       0.198000     0.000
 53.291667   53.333333   538.88   307.13       0.188400       0.000000       0.462000     0.000
 53.333333   53.375000   538.88   307.14       0.128400       0.000000       0.264000     0.000
 53.375000   53.416667   538.99   307.17       0.088000      -0.000000       0.198000     0.000
 53.416667   53.458333   539.09   307.20       0.075263       0.000000       0.198000     0.000
 53.458333   53.500000   539.50   307.25       0.156750      -0.000000       0.330000     0.000
 53.500000   53.541667   539.94   307.33       0.211895      -0.066000       0.528000     0.000
 53.541667   53.583333   540.09   307.39       0.241421      -0.264000       0.726000     0.000
 53.583333   53.625000   540.14   307.59      -0.034737      -0.264000       0.198000     0.000
 53.625000   53.666667   539.97   307.93      -0.099846      -0.396000       0.198000     0.000
 53.666667   53.708333   539.48   308.16       0.314286      -0.066000       0.660000     0.000
 53.708333   53.750000   539.03   308.27      -0.018857      -0.396000       0.264000     0.000
 53.750000   53.791667   538.85   308.21       0.127171      -0.132000       0.594000     0.000
 53.791667   53.833333   538.35   308.25       0.000000      -0.132000       0.264000     0.000
 53.833333   53.875000   538.19   308.52      -0.019800      -0.132000       0.264000     0.000
 53.875000   53.916667   538.14   308.70      -0.023189      -0.132000       0.198000     0.000
 53.916667   53.958333   538.27   308.80       0.006947      -0.000000       0.066000     0.000
 53.958333   54.000000   538.89   308.67       0.039600      -0.198000       0.198000     0.000
 54.000000   54.041667   539.16   308.46       0.109421      -0.132000       0.396000     0.000
 54.041667   54.083333   539.64   308.26       0.076154      -0.198000       0.330000     0.000
 54.083333   54.125000   539.85   308.07       0.024514      -0.066000       0.132000     0.000
 54.125000   54.166667   539.94   307.89       0.032108      -0.066000       0.132000     0.000
 54.166667   54.208333   539.83   307.80       0.019412      -0.132000       0.198000     0.000
 54.208333   54.250000   539.29   307.77       0.049149      -0.264000       0.330000     0.000
 54.250000   54.291667   539.00   307.73       0.123316      -0.066000       0.264000     0.000
 54.291667   54.333333   538.84   307.69       0.000000      -0.132000       0.132000     0.000
 54.333333   54.375000   538.66   307.65      -0.005077      -0.198000       0.198000     0.000
 54.375000   54.416667   538.72   307.59      -0.004950      -0.198000       0.132000     0.000
 54.416667   54.458333   538.97   307.50       0.055000      -0.198000       0.396000     0.000
 54.458333   54.500000   539.37   307.41      -0.017368      -0.066000       0.066000     0.000
 54.500000   54.541667   540.01   307.41       0.012774      -0.132000       0.132000     0.000
 54.541667   54.583333   540.21   307.47      -0.009706      -0.198000       0.132000     0.000
 54.583333   54.625000   540.65   307.63       0.144571      -0.066000       0.396000     0.000
 54.625000   54.666667   540.60   307.89       0.080270      -0.198000       0.264000     0.000
 54.666667   54.708333   540.26   308.08       0.154537      -0.132000       0.528000     0.000
 54.708333   54.750000   540.01   308.32       0.138947       0.000000       0.264000     0.000
 54.750000   54.791667   539.55   308.69       0.054732      -0.330000       0.528000     0.000
 54.791667   54.833333   538.97   309.21       0.168837      -0.330000       0.660000     0.000
 54.833333   54.875000   538.53   309.79       0.279714       0.000000       0.660000     0.000
 54.875000   54.916667   538.27   310.31       0.193600      -0.330000       0.594000     0.000
 54.916667   54.958333   538.39   310.91       0.191812      -0.132000       0.528000     0.000
 54.958333   55.000000   538.79   311.29       0.201882      -0.132000       0.660000     0.000
 55.000000   55.041667   539.12   311.12       0.117184      -0.066000       0.264000     0.000
 55.041667   55.083333   539.61   310.76       0.070041      -0.198000       0.330000     0.000
 55.083333   55.125000   539.82   310.37       0.138286      -0.066000       0.396000     0.000
 55.125000   55.166667   539.79   310.05       0.138140      -0.066000       0.330000     0.000
 55.166667   55.208333   539.35   309.87       0.164057       0.000000       0.462000     0.000
 55.208333   55.250000   538.86   309.69       0.144571      -0.000000       0.462000     0.000
 55.250000   55.291667   538.28   309.55       0.035676      -0.132000       0.198000     0.000
 55.291667   55.333333   538.05   309.40       0.098057      -0.198000       0.660000     0.000
 55.333333   55.375000   538.03   309.23       0.122833      -0.198000       0.528000     0.000
 55.375000   55.416667   538.08   309.07       0.080000      -0.132000       0.396000     0.000
 55.416667   55.458333  9999.99  9999.99  999999.999999  999999.999999  999999.999999     0.999
 55.458333   55.500000   538.77   308.87       0.277655      -0.000000       0.462000     0.000
 55.500000   55.541667  9999.99  9999.99  999999.999999  999999.999999  999999.999999     0.999
