data/MAAP/BO0001R.20140101000000.20141231000000.filter_absorption_photometer.aerosol_absorption_coefficient.pm10.1y.1h.BO01L_MAAP_5012_CHACALTAYA_BOLIVIA.NO01L_MAAP_5012.lev2.nas
76 1001
Andrade, Marcos; Zaratti, Francesco
BO01L, Universidad Mayor de San Andrés, UMSA-LAP, Laboratory for Atmospheric Physics, Campus Cota Cota calle 27, Endifico FCPN piso 3, 04680, La Paz, Bolivia
Velarde, Fernando
GAW-WDCA GUAN ACTRIS
1 1
2014 01 01   2015 03 01
0.041667
days from file reference point
7
1 1 1 1 1 1 1
9999.999999 9999.99 9999.99 999999.999999 999999.999999 999999.999999 9.999
end_time of measurement, days from the file reference point
pressure, hPa, Location=instrument internal, Matrix=instrument, Detection limit=, Detection limit expl.=, Measurement uncertainty=
temperature, K, Location=instrument internal, Matrix=instrument, Detection limit=, Detection limit expl.=, Measurement uncertainty=
aerosol_absorption_coefficient, 1/Mm, Wavelength=670.0 nm
aerosol_absorption_coefficient, 1/Mm, Wavelength=670.0 nm, Statistics=percentile:15.87
aerosol_absorption_coefficient, 1/Mm, Wavelength=670.0 nm, Statistics=percentile:84.13
numflag, no unit
0
55
Data definition:              EBAS_1.1
Set type code:                TU
Timezone:                     UTC
File name:                    BO0001R.20140101000000.20141231000000.filter_absorption_photometer.aerosol_absorption_coefficient.pm10.1y.1h.BO01L_MAAP_5012_CHACALTAYA_BOLIVIA.NO01L_MAAP_5012.lev2.nas
File creation:                20160520151622
Startdate:                    20140101000000
Revision date:                20150301000000
Version:                      1
Version description:          initial revision
Statistics:                   arithmetic mean
Data level:                   2
Period code:                  1y
Resolution code:              1h
Sample duration:              1h
Orig. time res.:              1mn
Station code:                 BO0001R
Platform code:                BO0001S
Station name:   	      Chacaltaya Station Atmospheric Monitoring Site	
Station latitude:             -16.35
Station longitude:            -68.13
Station altitude:             5240m
Measurement latitude:         -16.35
Measurement longitude:        -68.13
Measurement altitude:         5240m
Measurement height:           5.0m
Regime:                       
Component:                    aerosol_absorption_coefficient
Unit:                         1/Mm
Matrix:                       pm10
Instrument type:              filter_absorption_photometer
Laboratory code:              BO01L
Instrument name:              MAAP_5012_CHACALTAYA_BOLIVIA
Instrument manufacturer:      Thermo
Instrument model:             5012
Instrument serial number:     None
Method ref:                   NO01L_MAAP_5012
Standard method:              Single-angle_Correction=none
Inlet type:                   Whole-air inlet
Inlet description:            Automatic heater dryer which is activated for Relative Humidity great than 90%, flow 162.00 l/min
Humidity/temperature control: None
Humidity/temperature control description: passive, sample heated from atmospheric to lab temperature
Volume std. temperature:      273.15K
Volume std. pressure:         1013.25hPa
Detection limit:              0.1 1/Mm
Detection limit expl.:        Determined by instrument noise characteristics, no detection limit flag used
Measurement uncertainty:      6.0 %
Measurement uncertainty expl.: typical value of unit-to-unit variability
Zero/negative values code:    Zero/negative possible
Zero/negative values:         Zero and neg. values may appear due to statistical variations at very low concentrations
Originator:                   Andrade, Marcos, mandrade@atmos.umd.edu, Laboratory for Atmospheric Physics, LAP, , Campus Cota Cota calle 27 FCPN Building piso 3, , 4680, La Paz, Bolivia
Originator:                   Zaratti, Francesco, fzaratti@umsa.bo, Laboratory for Atmospheric Physics, LAP, , Campus Cota Cota calle 27 FCPN Building piso 3, , 4680, La Paz, Bolivia
Submitter:                    Velarde, Fernando, fvelarde@chacaltaya.edu.bo, Laboratory for Atmospheric Physics, LAP, , Campus Cota Cota calle 27 FCPN Building piso 3, , 4680, La Paz, Bolivia
Acknowledgement:              Request acknowledgement details from data originator
Comment:                      None
start_time    end_time   p_int      T_int       abs670       abs670pc16     abs670pc84   numflag 
[from data line 3667]
152.791667  152.833333   537.29    40.81       1.226500       0.660000       1.848000     0.000
152.833333  152.875000   537.17    41.50       1.169300       0.594000       1.914000     0.000
152.875000  152.916667   537.17    42.66       0.895400      -0.066000       1.782000     0.000
152.916667  152.958333   537.28    43.48       0.500500       0.132000       0.924000     0.000
152.958333  153.000000   537.89    43.78       0.541200       0.132000       0.990000     0.000
153.000000  153.041667   538.13    44.26       0.643500       0.198000       1.188000     0.000
153.041667  153.083333   538.40    43.90       0.932800       0.330000       1.452000     0.000
153.083333  153.125000   538.42    43.44       1.186822       0.462000       1.914000     0.000
153.125000  153.166667   538.34    43.11       0.572000       0.132000       1.056000     0.000
153.166667  153.208333   538.15    42.67       0.738941       0.198000       1.188000     0.000
153.208333  153.250000   538.06    42.40       0.697552       0.264000       1.122000     0.000
153.250000  153.291667   537.89    42.14       1.020000       0.462000       1.650000     0.000
153.291667  153.333333   537.57    42.01       0.948392       0.462000       1.452000     0.000
153.333333  153.375000   537.31    41.91       1.168588       0.660000       1.650000     0.000
153.375000  153.416667   537.44    41.74       0.582522       0.000000       1.254000     0.000
153.416667  153.458333   537.75    41.46       0.232179       0.000000       0.594000     0.000
153.458333  153.500000   537.95    41.33       0.268889       0.000000       0.660000     0.000
153.500000  153.541667   538.37    41.19       0.731280       0.066000       1.122000     0.000
153.541667  153.583333   538.92    41.05       0.669428       0.198000       1.254000     0.000
153.583333  153.625000   538.99    41.01       0.596808      -0.066000       1.518000     0.000
153.625000  153.666667   538.91    41.17       1.877163       0.792000       3.102000     0.000
153.666667  153.708333   538.51    41.11       6.089898       4.158000       7.986000     0.000
153.708333  153.750000   538.06    41.16       1.845556       1.122000       2.772000     0.000
153.750000  153.791667   537.74    41.40       0.968000       0.264000       1.914000     0.000
153.791667  153.833333   537.32    41.60       1.254000       0.528000       1.980000     0.000
153.833333  153.875000   537.15    41.95       1.002100       0.462000       1.650000     0.000
153.875000  153.916667   537.13    42.34       0.925100       0.198000       1.584000     0.000
153.916667  153.958333   537.22    42.74       0.926200       0.330000       1.518000     0.000
153.958333  154.000000   537.70    42.56       0.418000       0.066000       0.726000     0.000
154.000000  154.041667   537.98    42.25       0.869000       0.198000       1.650000     0.000
154.041667  154.083333   538.20    41.75       0.501600       0.132000       0.858000     0.000
154.083333  154.125000   538.34    41.29       0.271700       0.000000       0.660000     0.000
154.125000  154.166667   538.18    40.96       0.254100      -0.000000       0.528000     0.000
154.166667  154.208333   538.12    40.60       0.169400      -0.066000       0.528000     0.000
154.208333  154.250000   538.05    40.26       0.091300      -0.066000       0.330000     0.000
154.250000  154.291667   537.83    39.87       0.144100      -0.132000       0.462000     0.000
154.291667  154.333333   537.64    39.54       0.190300      -0.000000       0.462000     0.000
154.333333  154.375000   537.44    39.30       0.226600       0.000000       0.462000     0.000
154.375000  154.416667   537.68    39.12       0.223300       0.000000       0.462000     0.000
154.416667  154.458333   537.96    38.96       0.514800       0.132000       0.924000     0.000
154.458333  154.500000   538.22    38.74       0.610500       0.330000       0.990000     0.000
154.500000  154.541667   538.87    38.64       0.606100       0.198000       1.056000     0.000
154.541667  154.583333   539.08    38.70       0.425700       0.066000       0.858000     0.000
154.583333  154.625000   539.10    39.01       0.528000       0.198000       1.056000     0.000
154.625000  154.666667   539.03    39.45       0.862714       0.264000       1.386000     0.000
154.666667  154.708333   538.69    39.83       0.896500       0.264000       1.584000     0.000
154.708333  154.750000   538.08    40.16       0.784300       0.198000       1.320000     0.000
154.750000  154.791667   537.62    40.47       1.001000       0.396000       1.584000     0.000
154.791667  154.833333   537.13    40.79       1.298000       0.792000       1.914000     0.000
154.833333  154.875000   537.07    41.24       1.367301       0.792000       1.914000     0.000
154.875000  154.916667   537.08    41.91       1.637900       0.924000       2.310000     0.000
154.916667  154.958333   537.33    42.33       1.460800       0.858000       2.112000     0.000
154.958333  155.000000   537.80    42.24       1.089000       0.528000       1.716000     0.000
155.000000  155.041667   537.97    41.97       1.120900       0.594000       1.650000     0.000
155.041667  155.083333   538.05    41.65       1.967900       0.858000       3.168000     0.000
155.083333  155.125000   538.09    41.31       0.870000       0.330000       1.650000     0.000
155.125000  155.166667   538.05    40.98       0.749760       0.264000       1.254000     0.000
155.166667  155.208333   537.94    40.72       1.049889       0.528000       1.716000     0.000
155.208333  155.250000   537.78    40.48       1.089000       0.528000       1.650000     0.000
155.250000  155.291667   537.39    40.26       0.955778       0.264000       1.584000     0.000
155.291667  155.333333   537.10    40.08       0.945120       0.396000       1.386000     0.000
155.333333  155.375000   537.14    39.92       0.987643       0.528000       1.650000     0.000
155.375000  155.416667   537.30    39.75       0.824353       0.462000       1.254000     0.000
155.416667  155.458333   537.67    39.58       0.481660       0.066000       1.188000     0.000
155.458333  155.500000   537.99    39.41       0.448800      -0.066000       0.924000     0.000
155.500000  155.541667   538.25    39.26       0.091592      -0.066000       0.264000     0.000
155.541667  155.583333   538.79    39.22       0.408375      -0.000000       0.858000     0.000
155.583333  155.625000   538.83    39.45       0.734885       0.132000       1.386000     0.000
155.625000  155.666667   538.62    39.79       1.201895       0.462000       1.914000     0.000
155.666667  155.708333   538.21    40.17       0.704880       0.330000       1.386000     0.000
155.708333  155.750000   537.97    40.50       1.040400       0.660000       1.584000     0.000
155.750000  155.791667   537.41    40.83       1.257414       0.858000       1.848000     0.000
155.791667  155.833333   537.09    41.23       1.453179       0.660000       2.244000     0.000
155.833333  155.875000   537.08    41.67       1.051600       0.396000       1.716000     0.000
155.875000  155.916667   537.15    42.33       0.806300      -0.066000       1.452000     0.000
155.916667  155.958333   537.24    42.76       0.993300       0.462000       1.584000     0.000
155.958333  156.000000   537.53    42.64       0.881100       0.264000       1.518000     0.000
156.000000  156.041667   537.91    42.29       0.981200       0.462000       1.584000     0.000
156.041667  156.083333   538.10    41.92       1.138500       0.462000       1.914000     0.000
156.083333  156.125000   538.12    41.60       0.814000       0.198000       1.254000     0.000
156.125000  156.166667   538.07    41.31       0.561000       0.198000       0.924000     0.000
156.166667  156.208333   537.99    41.04       0.643500       0.132000       1.056000     0.000
156.208333  156.250000   537.86    40.77       0.831600       0.264000       1.518000     0.000
156.250000  156.291667   537.60    40.51       1.318900       0.726000       1.980000     0.000
156.291667  156.333333   537.58    40.28       1.265000       0.726000       1.980000     0.000
156.333333  156.375000   537.73    40.07       1.203400       0.462000       1.848000     0.000
156.375000  156.416667   537.85    39.88       1.338700       0.726000       2.046000     0.000
156.416667  156.458333   538.00    39.75       1.411300       0.660000       2.046000     0.000
156.458333  156.500000   538.14    39.63       1.552678       1.056000       2.178000     0.000
156.500000  156.541667   538.80    39.58       1.636800       1.254000       1.980000     0.000
156.541667  156.583333   539.01    39.67       1.675300       1.386000       2.112000     0.000
156.583333  156.625000   539.02    39.88       1.467400       1.122000       1.980000     0.000
156.625000  156.666667   539.00    40.00       1.257414       0.660000       2.046000     0.000
156.666667  156.708333   538.77    39.93       1.635458       1.122000       2.178000     0.000
156.708333  156.750000   538.17    39.77       1.499300       0.990000       2.046000     0.000
156.750000  156.791667   537.94    39.70       1.736843       1.122000       2.178000     0.000
156.791667  156.833333   537.80    39.69       1.066154       0.528000       1.518000     0.000
156.833333  156.875000   537.72    39.72       0.975207       0.396000       1.518000     0.000
156.875000  156.916667   537.69    39.95       0.697200       0.066000       1.386000     0.000
156.916667  156.958333   537.71    40.25       0.515778      -0.000000       1.122000     0.000
156.958333  157.000000   537.92    40.23       0.799472       0.330000       1.320000     0.000
157.000000  157.041667   538.16    40.11       0.879577       0.462000       1.320000     0.000
157.041667  157.083333   538.49    39.91       0.900842       0.528000       1.254000     0.000
157.083333  157.125000   538.57    39.70       0.942207       0.528000       1.320000     0.000
157.125000  157.166667   538.38    39.51       1.067579       0.528000       1.650000     0.000
157.166667  157.208333   538.19    39.34       1.228333       0.726000       1.848000     0.000
157.208333  157.250000   538.07    39.14       1.028077       0.660000       1.452000     0.000
157.250000  157.291667   537.91    38.94       0.856778       0.396000       1.452000     0.000
157.291667  157.333333   537.79    38.70       0.808163       0.396000       1.320000     0.000
157.333333  157.375000   537.76    38.49       1.273685       0.858000       1.716000     0.000
157.375000  157.416667   537.92    38.30       1.208706       0.660000       1.782000     0.000
157.416667  157.458333   538.02    38.08       1.057222       0.594000       1.518000     0.000
157.458333  157.500000   538.38    37.85       0.854586       0.396000       1.254000     0.000
157.500000  157.541667   538.88    37.70       0.856900       0.462000       1.254000     0.000
157.541667  157.583333   539.04    37.69       0.959200       0.528000       1.386000     0.000
157.583333  157.625000   539.07    37.86       0.544500       0.066000       0.990000     0.000
157.625000  157.666667   538.97    38.08       0.426800      -0.000000       0.858000     0.000
157.666667  157.708333   538.70    38.30       0.557700       0.198000       0.990000     0.000
157.708333  157.750000   538.17    38.48       0.620400       0.198000       1.188000     0.000
157.750000  157.791667   537.72    38.67       0.466400       0.132000       0.792000     0.000
157.791667  157.833333   537.16    38.94       0.442200      -0.000000       0.858000     0.000
157.833333  157.875000   537.03    39.27       0.291500      -0.132000       0.792000     0.000
157.875000  157.916667   537.00    39.77       0.221100      -0.330000       0.792000     0.000
157.916667  157.958333   537.09    40.02       0.481800       0.132000       0.858000     0.000
157.958333  158.000000   537.49    39.87       0.798600       0.264000       1.320000     0.000
158.000000  158.041667   537.94    39.64       0.919600       0.396000       1.716000     0.000
158.041667  158.083333   538.17    39.42       1.281500       0.660000       1.914000     0.000
158.083333  158.125000   538.21    39.21       1.350800       0.792000       1.914000     0.000
158.125000  158.166667   538.12    39.00       1.293601       0.726000       1.848000     0.000
158.166667  158.208333   538.01    38.82       1.122000       0.594000       1.716000     0.000
158.208333  158.250000   537.77    38.65       0.625900       0.132000       1.122000     0.000
158.250000  158.291667   537.22    38.42       0.900900       0.198000       2.046000     0.000
158.291667  158.333333   537.10    38.17       3.042600       2.508000       3.696000     0.000
158.333333  158.375000   537.13    37.91       2.731300       2.178000       3.300000     0.000
158.375000  158.416667   537.16    37.58       3.102000       2.706000       3.564000     0.000
158.416667  158.458333   537.71    37.22       3.294501       2.772000       3.960000     0.000
158.458333  158.500000   538.02    36.88       2.571800       2.112000       3.168000     0.000
158.500000  158.541667   538.72    36.66       1.398305       0.792000       1.980000     0.000
158.541667  158.583333   539.11    36.69       0.643500       0.330000       0.924000     0.000
158.583333  158.625000   539.16    36.84       0.392700       0.000000       0.792000     0.000
158.625000  158.666667   539.19    37.00       0.352000       0.000000       0.792000     0.000
158.666667  158.708333   538.86    37.19       0.246400       0.000000       0.594000     0.000
158.708333  158.750000   538.20    37.37       0.321200       0.066000       0.660000     0.000
158.750000  158.791667   537.68    37.62       0.338800       0.066000       0.792000     0.000
158.791667  158.833333   537.10    37.96       0.405900      -0.000000       0.726000     0.000
158.833333  158.875000   537.05    38.40       0.523600       0.000000       1.056000     0.000
158.875000  158.916667   537.12    39.07       0.492800      -0.132000       1.254000     0.000
158.916667  158.958333   537.28    39.56       0.414700       0.000000       0.858000     0.000
158.958333  159.000000   537.71    39.51       0.426724       0.066000       0.924000     0.000
159.000000  159.041667   537.96    39.27       0.400400       0.066000       0.726000     0.000
159.041667  159.083333   538.09    39.01       0.423966       0.132000       0.792000     0.000
159.083333  159.125000   538.17    38.79       0.596808       0.132000       1.188000     0.000
159.125000  159.166667   538.23    38.63       1.283040       0.528000       2.112000     0.000
159.166667  159.208333   538.17    38.45       1.701700       1.254000       2.178000     0.000
159.208333  159.250000   538.01    38.24       1.271600       0.792000       1.914000     0.000
159.250000  159.291667   537.69    38.09       1.061500       0.528000       1.650000     0.000
159.291667  159.333333   537.24    37.98       0.720500       0.330000       1.188000     0.000
159.333333  159.375000   537.22    37.82       1.082400       0.594000       1.650000     0.000
159.375000  159.416667   537.51    37.69       1.273801       0.726000       1.848000     0.000
159.416667  159.458333   537.85    37.55       1.283700       0.924000       1.848000     0.000
159.458333  159.500000   538.11    37.42       1.040600       0.528000       1.584000     0.000
159.500000  159.541667   538.63    37.32       0.898700       0.462000       1.518000     0.000
159.541667  159.583333   539.05    37.30       0.608300       0.066000       1.188000     0.000
159.583333  159.625000   539.13    37.46       0.977900       0.396000       1.650000     0.000
159.625000  159.666667   539.24    37.62       1.320000       0.858000       1.782000     0.000
159.666667  159.708333   539.10    37.69       1.294700       0.726000       1.848000     0.000
