data/MAAP/BO0001R.20170101000000.20171231000000.filter_absorption_photometer.aerosol_absorption_coefficient.pm10.1y.1h.BO01L_MAAP_5012_CHACALTAYA_BOLIVIA.NO01L_MAAP_5012.lev2.nas
76 1001
Andrade, Marcos; Zaratti, Francesco
BO01L, Universidad Mayor de San Andrés, UMSA-LAP, Laboratory for Atmospheric Physics, Campus Cota Cota calle 27, Endifico FCPN piso 3, 04680, La Paz, Bolivia
Velarde, Fernando
GAW-WDCA GUAN ACTRIS
1 1
2017 01 01   2018 03 01
0.041667
days from file reference point
7
1 1 1 1 1 1 1
9999.999999 9999.99 9999.99 999999.999999 999999.999999 999999.999999 9.999
end_time of measurement, days from the file reference point
pressure, hPa, Location=instrument internal, Matrix=instrument, Detection limit=, Detection limit expl.=, Measurement uncertainty=
temperature, K, Location=instrument internal, Matrix=instrument, Detection limit=, Detection limit expl.=, Measurement uncertainty=
aerosol_absorption_coefficient, 1/Mm, Wavelength=670.0 nm
aerosol_absorption_coefficient, 1/Mm, Wavelength=670.0 nm, Statistics=percentile:15.87
aerosol_absorption_coefficient, 1/Mm, Wavelength=670.0 nm, Statistics=percentile:84.13
numflag, no unit
0
55
Data definition:              EBAS_1.1
Set type code:                TU
Timezone:                     UTC
File name:                    BO0001R.20170101000000.20171231000000.filter_absorption_photometer.aerosol_absorption_coefficient.pm10.1y.1h.BO01L_MAAP_5012_CHACALTAYA_BOLIVIA.NO01L_MAAP_5012.lev2.nas
File creation:                20180412184446
Startdate:                    20170101000000
Revision date:                20180301000000
Version:                      1
Version description:          initial revision
Statistics:                   arithmetic mean
Data level:                   2
Period code:                  1y
Resolution code:              1h
Sample duration:              1h
Orig. time res.:              1mn
Station code:                 BO0001R
Platform code:                BO0001S
Station name:   	      Chacaltaya Station Atmospheric Monitoring Site	
Station latitude:             -16.35
Station longitude:            -68.13
Station altitude:             5240m
Measurement latitude:         -16.35
Measurement longitude:        -68.13
Measurement altitude:         5240m
Measurement height:           5.0m
Regime:                       
Component:                    aerosol_absorption_coefficient
Unit:                         1/Mm
Matrix:                       pm10
Instrument type:              filter_absorption_photometer
Laboratory code:              BO01L
Instrument name:              MAAP_5012_CHACALTAYA_BOLIVIA
Instrument manufacturer:      Thermo
Instrument model:             5012
Instrument serial number:     None
Method ref:                   NO01L_MAAP_5012
Standard method:              Single-angle_Correction=none
Inlet type:                   Whole Air
Inlet description:            Automatic heater dryer which is activated for Relative Humidity great than 90%, flow 162.00 l/min
Humidity/temperature control: None
Humidity/temperature control description: "active, sample heated from atmospheric to lab temperature"
Volume std. temperature:      291.15K
Volume std. pressure:         1013.00hPa
Detection limit:              0.1 1/Mm
Detection limit expl.:        Determined by instrument noise characteristics, no detection limit flag used
Measurement uncertainty:      6.0 %
Measurement uncertainty expl.: typical value of unit-to-unit variability
Zero/negative values code:    Zero/negative possible
Zero/negative values:         Zero and neg. values may appear due to statistical variations at very low concentrations
Originator:                   Andrade, Marcos, mandrade@atmos.umd.edu, Laboratory for Atmospheric Physics, LAP, , Campus Cota Cota calle 27 FCPN Building piso 3, , 4680, La Paz, Bolivia
Originator:                   Zaratti, Francesco, fzaratti@umsa.bo, Laboratory for Atmospheric Physics, LAP, , Campus Cota Cota calle 27 FCPN Building piso 3, , 4680, La Paz, Bolivia
Submitter:                    Velarde, Fernando, fvelarde@chacaltaya.edu.bo, Laboratory for Atmospheric Physics, LAP, , Campus Cota Cota calle 27 FCPN Building piso 3, , 4680, La Paz, Bolivia
Acknowledgement:              Request acknowledgement details from data originator
Comment:                      None
start_time    end_time   p_int      T_int       abs670       abs670pc16     abs670pc84   numflag 
[from data line 7501]
312.541667  312.583333   539.09   293.93       0.878483       0.528000       1.320000     0.000
312.583333  312.625000   539.09   294.35       0.929594       0.462000       1.386000     0.000
312.625000  312.666667   538.95   294.75       0.827200       0.396000       1.254000     0.000
312.666667  312.708333   538.77   295.18       0.828300       0.330000       1.320000     0.000
312.708333  312.750000   538.28   295.57       0.530237       0.000000       0.990000     0.000
312.750000  312.791667   537.55   296.03       0.530200      -0.000000       0.990000     0.000
312.791667  312.833333   537.09   296.39       1.196800       0.858000       1.716000     0.000
312.833333  312.875000   537.07   296.43       2.255186       1.320000       3.168000     0.000
312.875000  312.916667   537.53   296.34       4.542999       2.178000       6.534000     0.000
312.916667  312.958333   537.78   296.10       2.703800       2.112000       3.300000     0.000
312.958333  313.000000   538.02   295.75       1.483201       0.858000       2.178000     0.000
313.000000  313.041667   538.17   295.26       1.010900       0.528000       1.452000     0.000
313.041667  313.083333   538.68   294.83       1.048300       0.528000       1.518000     0.000
313.083333  313.125000   538.99   294.63       1.038400       0.594000       1.518000     0.000
313.125000  313.166667   538.97   294.42       0.750610       0.330000       1.254000     0.000
313.166667  313.208333   538.52   294.20       0.696300       0.198000       1.320000     0.000
313.208333  313.250000   538.08   294.02       0.718300       0.264000       1.122000     0.000
313.250000  313.291667   537.92   293.90       0.492203       0.198000       0.792000     0.000
313.291667  313.333333   537.73   293.76       0.623085       0.264000       0.990000     0.000
313.333333  313.375000   537.81   293.64       0.759000       0.264000       1.254000     0.000
313.375000  313.416667   538.02   293.54       0.714814       0.396000       1.056000     0.000
313.416667  313.458333   538.49   293.47       0.810700       0.330000       1.188000     0.000
313.458333  313.500000   539.06   293.48       1.171500       0.726000       1.584000     0.000
313.500000  313.541667   539.46   293.61       1.259690       0.792000       1.716000     0.000
313.541667  313.583333   539.75   293.87       3.226300       1.584000       5.016000     0.000
313.583333  313.625000   539.56   294.20       2.854133       1.782000       3.960000     0.000
313.625000  313.666667   539.11   294.47       1.558272       0.264000       3.564000     0.000
313.666667  313.708333   538.87   295.01       0.925100       0.264000       1.518000     0.000
313.708333  313.750000   538.38   295.28       0.726000       0.198000       1.122000     0.000
313.750000  313.791667   538.02   295.32       0.829400       0.264000       1.320000     0.000
313.791667  313.833333   537.55   295.80       0.605000       0.132000       1.188000     0.000
313.833333  313.875000   537.07   296.28       0.549254       0.132000       0.990000     0.000
313.875000  313.916667   537.03   296.82       0.508200      -0.198000       1.122000     0.000
313.916667  313.958333   537.09   297.18       0.442200       0.066000       0.990000     0.000
313.958333  314.000000   537.39   296.72       0.438778       0.000000       1.188000     0.000
314.000000  314.041667   537.85   296.10       1.023000      -0.000000       2.046000     0.000
314.041667  314.083333   538.10   295.62       0.831600       0.330000       1.452000     0.000
314.083333  314.125000   538.51   295.26       0.380339       0.000000       0.660000     0.000
314.125000  314.166667   538.46   294.99       0.803000       0.198000       1.254000     0.000
314.166667  314.208333   538.00   294.70       0.964700       0.528000       1.452000     0.000
314.208333  314.250000   537.87   294.43       0.647695       0.264000       1.056000     0.000
314.250000  314.291667   537.68   294.31       0.303600       0.066000       0.594000     0.000
314.291667  314.333333   537.39   294.15       0.258407       0.000000       0.660000     0.000
314.333333  314.375000   537.88   293.97       0.343200       0.066000       0.660000     0.000
314.375000  314.416667   538.02   293.81       0.244200       0.000000       0.528000     0.000
314.416667  314.458333   538.34   293.76       0.283017       0.000000       0.462000     0.000
314.458333  314.500000   538.97   293.75       0.425700       0.066000       0.792000     0.000
314.500000  314.541667   539.24   293.72       0.355300       0.066000       0.594000     0.000
314.541667  314.583333   539.64   293.84       0.686173       0.330000       1.122000     0.000
314.583333  314.625000   539.66   294.18       0.721600       0.330000       1.122000     0.000
314.625000  314.666667   539.12   294.67       0.958100       0.330000       1.452000     0.000
314.666667  314.708333   538.85   295.21       1.191414       0.726000       1.584000     0.000
314.708333  314.750000   538.30   295.58       1.705000       1.320000       2.244000     0.000
314.750000  314.791667   537.98   295.82       1.825627       1.518000       2.310000     0.000
314.791667  314.833333   537.52   295.92       1.442101       0.990000       1.848000     0.000
314.833333  314.875000   537.69   295.72       0.916170       0.264000       1.650000     0.000
314.875000  314.916667   537.71   295.49       0.284136      -0.264000       0.792000     0.000
314.916667  314.958333   537.98   299.85       0.622600      -0.066000       1.320000     0.000
314.958333  315.000000   538.22   295.02       0.381333      -0.066000       0.924000     0.000
315.000000  315.041667   538.95   294.67       0.498300      -0.330000       1.584000     0.000
315.041667  315.083333   539.37   294.43       0.480700       0.132000       0.792000     0.000
315.083333  315.125000   539.48   294.27       0.338800       0.066000       0.594000     0.000
315.125000  315.166667   539.24   294.13       0.159966      -0.132000       0.528000     0.000
315.166667  315.208333   539.00   294.00       0.070400      -0.066000       0.330000     0.000
315.208333  315.250000   538.61   293.85       0.194700      -0.000000       0.396000     0.000
315.250000  315.291667   538.10   293.73       0.412780       0.066000       0.792000     0.000
315.291667  315.333333   538.00   293.61       0.645700       0.264000       1.122000     0.000
315.333333  315.375000   537.94   293.48       0.213661      -0.132000       0.594000     0.000
315.375000  315.416667   538.01   293.31       0.291966       0.000000       0.594000     0.000
315.416667  315.458333   538.30   293.14       0.143186      -0.264000       0.726000     0.000
315.458333  315.500000   538.93   293.22       0.283800      -0.264000       0.792000     0.000
315.500000  315.541667   539.13   293.42       0.121000      -0.132000       0.396000     0.000
315.541667  315.583333   539.29   293.68       0.111517      -0.132000       0.396000     0.000
315.583333  315.625000   539.38   294.02       0.041390      -0.264000       0.396000     0.000
315.625000  315.666667   539.46   294.45       0.101200      -0.330000       0.462000     0.000
315.666667  315.708333   539.04   294.92       0.008800      -0.396000       0.396000     0.000
315.708333  315.750000   538.52   295.32       0.060407      -0.198000       0.396000     0.000
315.750000  315.791667   538.08   295.45       0.137500      -0.264000       0.462000     0.000
315.791667  315.833333   537.85   295.64       0.173390      -0.396000       0.726000     0.000
315.833333  315.875000   537.77   295.90       0.138600      -0.528000       0.858000     0.000
315.875000  315.916667   537.96   300.61       0.700271      -0.330000       1.848000     0.000
315.916667  315.958333   538.39   295.95       0.653288       0.198000       1.056000     0.000
315.958333  316.000000   538.92   295.69       1.399500       0.924000       2.046000     0.000
316.000000  316.041667   539.42   295.30       1.289797       0.396000       2.376000     0.000
316.041667  316.083333   539.95   295.07       1.519119       0.726000       2.772000     0.000
316.083333  316.125000   540.04   294.87       1.340135       0.528000       2.244000     0.000
316.125000  316.166667   540.03   294.71       0.680900       0.132000       1.056000     0.000
316.166667  316.208333   539.77   294.58       0.788700       0.396000       1.254000     0.000
316.208333  316.250000   539.26   299.02       0.325525      -0.264000       0.594000     0.000
316.250000  316.291667   538.85   294.13       0.446679      -0.396000       1.056000     0.000
316.291667  316.333333   538.50   293.92       0.165000      -0.990000       0.792000     0.000
316.333333  316.375000   538.65   293.79       0.562737      -0.792000       2.112000     0.000
316.375000  316.416667   538.83   293.61       0.739200      -0.264000       2.178000     0.000
316.416667  316.458333   539.07   293.49       0.015661      -0.594000       0.462000     0.000
316.458333  316.500000   539.63   293.43       0.525800       0.000000       0.990000     0.000
316.500000  316.541667   540.01   293.48       0.500034       0.132000       0.792000     0.000
316.541667  316.583333   540.23   293.85       0.405900      -0.066000       0.858000     0.000
316.583333  316.625000   540.28   294.23       0.088000      -0.462000       0.462000     0.000
316.625000  316.666667   540.07   294.68       0.279661      -0.198000       0.858000     0.000
316.666667  316.708333   539.84   295.08       0.336600       0.000000       0.792000     0.000
316.708333  316.750000   539.18   295.54       0.244983      -0.066000       0.528000     0.000
316.750000  316.791667   538.62   296.03       0.437390       0.132000       0.792000     0.000
316.791667  316.833333   537.97   296.53       0.202400      -0.330000       0.924000     0.000
316.833333  316.875000   537.54   296.93       0.422847       0.000000       0.990000     0.000
316.875000  316.916667   537.66   297.55       0.159310      -0.990000       0.858000     0.000
316.916667  316.958333   537.90   297.75       0.161464      -0.594000       0.990000     0.000
316.958333  317.000000   538.28   297.26       0.222906      -0.528000       1.188000     0.000
317.000000  317.041667   538.97   296.60       0.611898      -0.594000       1.716000     0.000
317.041667  317.083333   539.35   300.66       0.275000      -0.528000       0.660000     0.000
317.083333  317.125000   539.69   295.69       0.555396      -1.056000       1.518000     0.000
317.125000  317.166667   539.57   295.32       0.545769      -0.660000       1.782000     0.000
317.166667  317.208333   539.13   295.03       0.121000      -0.528000       0.594000     0.000
317.208333  317.250000   538.91   294.73       0.304700      -0.132000       0.792000     0.000
317.250000  317.291667   538.62   294.51       0.181220      -0.132000       0.528000     0.000
317.291667  317.333333   538.48   294.33       0.261800      -0.066000       0.726000     0.000
317.333333  317.375000   538.63   294.18       0.196881      -0.198000       0.660000     0.000
317.375000  317.416667   538.91   294.05       0.239800      -0.132000       0.726000     0.000
317.416667  317.458333   539.19   293.92       0.962034       0.330000       1.650000     0.000
317.458333  317.500000   539.79   293.88       0.831600       0.198000       1.518000     0.000
317.500000  317.541667   540.11   293.89       1.603017       0.726000       2.310000     0.000
317.541667  317.583333   540.31   294.15       5.060745       2.508000       6.995999     0.000
317.583333  317.625000   540.22   294.48      14.194399      12.936000      15.311999     0.000
317.625000  317.666667   540.03   294.85      12.240202       9.966000      13.925999     0.000
317.666667  317.708333   539.61   295.08       3.181201       0.858000       6.600000     0.000
317.708333  317.750000   539.02   295.37       0.547017       0.000000       1.056000     0.000
317.750000  317.791667   538.44   295.80       1.949200       0.990000       2.772000     0.000
317.791667  317.833333   537.95   296.30       2.455655       1.914000       3.036000     0.000
317.833333  317.875000   537.62   296.67       2.211560       1.452000       2.970000     0.000
317.875000  317.916667   537.35   296.98       1.812800       0.396000       3.036000     0.000
317.916667  317.958333   537.49   297.36       1.920712       1.386000       2.640000     0.000
317.958333  318.000000   538.01   297.26       1.735200       1.122000       2.376000     0.000
318.000000  318.041667   538.61   296.71       3.491288       2.772000       4.224000     0.000
318.041667  318.083333   539.05   296.33       6.727448       4.620000       8.052000     0.000
318.083333  318.125000   539.18   296.08       4.587000       2.442000       7.326000     0.000
318.125000  318.166667   539.14   295.84       2.727254       1.650000       4.488000     0.000
318.166667  318.208333   539.02   295.66       2.236300       1.386000       2.970000     0.000
318.208333  318.250000   538.63   295.49       1.815559       1.386000       2.178000     0.000
318.250000  318.291667   538.12   295.27       1.530306       1.122000       2.046000     0.000
318.291667  318.333333   537.96   295.05       1.798501       1.320000       2.244000     0.000
318.333333  318.375000   537.98   294.87       1.839200       1.254000       2.310000     0.000
318.375000  318.416667   538.06   294.68       1.660068       1.122000       2.178000     0.000
318.416667  318.458333   538.64   294.50       1.468500       0.990000       1.848000     0.000
318.458333  318.500000   539.03   294.39       1.530306       1.056000       2.112000     0.000
318.500000  318.541667   539.43   294.43       2.138401       1.650000       2.640000     0.000
318.541667  318.583333   539.82   294.64       5.024801       3.036000       7.524000     0.000
318.583333  318.625000   539.73   294.86       6.097034       5.478000       6.864000     0.000
318.625000  318.666667   539.32   294.92       3.997401       2.442000       5.610000     0.000
318.666667  318.708333   539.17   294.90       2.252800       1.782000       2.772000     0.000
318.708333  318.750000   538.91   294.93       1.899458       1.254000       2.640000     0.000
318.750000  318.791667   538.60   295.05       1.813680       1.320000       2.508000     0.000
318.791667  318.833333   538.89   295.00       2.742300       2.046000       3.366000     0.000
318.833333  318.875000   538.90   294.85       1.537017       0.066000       3.234000     0.000
318.875000  318.916667   538.07   294.82       0.454300      -0.132000       0.924000     0.000
318.916667  318.958333   538.11   295.14       0.563797       0.066000       1.122000     0.000
318.958333  319.000000   538.87   294.96       3.145200       0.528000       9.042000     0.000
319.000000  319.041667   539.73   294.63       6.075356       3.168000      10.889999     0.000
319.041667  319.083333   539.98   294.34       1.997600       1.320000       2.970000     0.000
319.083333  319.125000   540.01   294.19       0.732712       0.330000       1.188000     0.000
319.125000  319.166667   540.00   294.07       1.758900       1.188000       2.376000     0.000
319.166667  319.208333   539.63   293.97       1.118645       0.528000       1.782000     0.000
319.208333  319.250000   539.09   293.79       0.667700       0.264000       1.122000     0.000
319.250000  319.291667   538.80   293.61       0.907500       0.396000       1.320000     0.000
319.291667  319.333333   538.66   293.44       1.493390       0.990000       2.046000     0.000
319.333333  319.375000   538.68   293.30       1.016400       0.594000       1.452000     0.000
319.375000  319.416667   538.86   293.16       0.834900       0.462000       1.188000     0.000
