data/MAAP/BO0001R.20140101000000.20141231000000.filter_absorption_photometer.aerosol_absorption_coefficient.pm10.1y.1h.BO01L_MAAP_5012_CHACALTAYA_BOLIVIA.NO01L_MAAP_5012.lev2.nas
76 1001
Andrade, Marcos; Zaratti, Francesco
BO01L, Universidad Mayor de San Andrés, UMSA-LAP, Laboratory for Atmospheric Physics, Campus Cota Cota calle 27, Endifico FCPN piso 3, 04680, La Paz, Bolivia
Velarde, Fernando
GAW-WDCA GUAN ACTRIS
1 1
2014 01 01   2015 03 01
0.041667
days from file reference point
7
1 1 1 1 1 1 1
9999.999999 9999.99 9999.99 999999.999999 999999.999999 999999.999999 9.999
end_time of measurement, days from the file reference point
pressure, hPa, Location=instrument internal, Matrix=instrument, Detection limit=, Detection limit expl.=, Measurement uncertainty=
temperature, K, Location=instrument internal, Matrix=instrument, Detection limit=, Detection limit expl.=, Measurement uncertainty=
aerosol_absorption_coefficient, 1/Mm, Wavelength=670.0 nm
aerosol_absorption_coefficient, 1/Mm, Wavelength=670.0 nm, Statistics=percentile:15.87
aerosol_absorption_coefficient, 1/Mm, Wavelength=670.0 nm, Statistics=percentile:84.13
numflag, no unit
0
55
Data definition:              EBAS_1.1
Set type code:                TU
Timezone:                     UTC
File name:                    BO0001R.20140101000000.20141231000000.filter_absorption_photometer.aerosol_absorption_coefficient.pm10.1y.1h.BO01L_MAAP_5012_CHACALTAYA_BOLIVIA.NO01L_MAAP_5012.lev2.nas
File creation:                20160520151622
Startdate:                    20140101000000
Revision date:                20150301000000
Version:                      1
Version description:          initial revision
Statistics:                   arithmetic mean
Data level:                   2
Period code:                  1y
Resolution code:              1h
Sample duration:              1h
Orig. time res.:              1mn
Station code:                 BO0001R
Platform code:                BO0001S
Station name:   	      Chacaltaya Station Atmospheric Monitoring Site	
Station latitude:             -16.35
Station longitude:            -68.13
Station altitude:             5240m
Measurement latitude:         -16.35
Measurement longitude:        -68.13
Measurement altitude:         5240m
Measurement height:           5.0m
Regime:                       
Component:                    aerosol_absorption_coefficient
Unit:                         1/Mm
Matrix:                       pm10
Instrument type:              filter_absorption_photometer
Laboratory code:              BO01L
Instrument name:              MAAP_5012_CHACALTAYA_BOLIVIA
Instrument manufacturer:      Thermo
Instrument model:             5012
Instrument serial number:     None
Method ref:                   NO01L_MAAP_5012
Standard method:              Single-angle_Correction=none
Inlet type:                   Whole-air inlet
Inlet description:            Automatic heater dryer which is activated for Relative Humidity great than 90%, flow 162.00 l/min
Humidity/temperature control: None
Humidity/temperature control description: passive, sample heated from atmospheric to lab temperature
Volume std. temperature:      273.15K
Volume std. pressure:         1013.25hPa
Detection limit:              0.1 1/Mm
Detection limit expl.:        Determined by instrument noise characteristics, no detection limit flag used
Measurement uncertainty:      6.0 %
Measurement uncertainty expl.: typical value of unit-to-unit variability
Zero/negative values code:    Zero/negative possible
Zero/negative values:         Zero and neg. values may appear due to statistical variations at very low concentrations
Originator:                   Andrade, Marcos, mandrade@atmos.umd.edu, Laboratory for Atmospheric Physics, LAP, , Campus Cota Cota calle 27 FCPN Building piso 3, , 4680, La Paz, Bolivia
Originator:                   Zaratti, Francesco, fzaratti@umsa.bo, Laboratory for Atmospheric Physics, LAP, , Campus Cota Cota calle 27 FCPN Building piso 3, , 4680, La Paz, Bolivia
Submitter:                    Velarde, Fernando, fvelarde@chacaltaya.edu.bo, Laboratory for Atmospheric Physics, LAP, , Campus Cota Cota calle 27 FCPN Building piso 3, , 4680, La Paz, Bolivia
Acknowledgement:              Request acknowledgement details from data originator
Comment:                      None
start_time    end_time   p_int      T_int       abs670       abs670pc16     abs670pc84   numflag 
[from data line 4834]
201.416667  201.458333   538.15    34.17       1.159400       0.660000       1.650000     0.000
201.458333  201.500000   538.50    34.08       1.005400       0.594000       1.452000     0.000
201.500000  201.541667   539.03    34.02       0.849200       0.462000       1.320000     0.000
201.541667  201.583333   539.34    34.08       0.907500       0.462000       1.386000     0.000
201.583333  201.625000   539.51    34.30       0.773300       0.396000       1.188000     0.000
201.625000  201.666667   539.19    34.63       0.815100       0.264000       1.518000     0.000
201.666667  201.708333   538.93    34.93       0.753500       0.330000       1.254000     0.000
201.708333  201.750000   538.30    35.15       0.836000       0.264000       1.320000     0.000
201.750000  201.791667   538.02    35.27       0.863500       0.528000       1.254000     0.000
201.791667  201.833333   537.60    35.42       0.862400       0.330000       1.452000     0.000
201.833333  201.875000   537.24    35.50       0.928400       0.528000       1.386000     0.000
201.875000  201.916667   537.24    35.66       1.092300       0.594000       1.716000     0.000
201.916667  201.958333   537.52    35.80       2.431000       1.320000       4.158000     0.000
201.958333  202.000000   537.93    35.74       1.301300       0.660000       1.980000     0.000
202.000000  202.041667   538.12    35.57       1.570800       0.924000       2.508000     0.000
202.041667  202.083333   538.28    35.37       1.091200       0.594000       1.782000     0.000
202.083333  202.125000   538.37    35.16       1.051600       0.528000       1.518000     0.000
202.125000  202.166667   538.37    34.93       0.875600       0.396000       1.386000     0.000
202.166667  202.208333   538.22    34.71       0.854700       0.396000       1.254000     0.000
202.208333  202.250000   537.95    34.49       0.712800       0.198000       1.122000     0.000
202.250000  202.291667   537.37    34.25       0.485100       0.066000       0.858000     0.000
202.291667  202.333333   537.11    33.99       0.354200       0.000000       0.792000     0.000
202.333333  202.375000   537.07    33.72       0.356400       0.000000       0.792000     0.000
202.375000  202.416667   537.11    33.46       0.553300       0.132000       1.188000     0.000
202.416667  202.458333   537.39    33.26       0.445500       0.132000       0.924000     0.000
202.458333  202.500000   537.80    33.14       0.753500       0.264000       1.320000     0.000
202.500000  202.541667   538.08    33.11       0.996600       0.396000       1.650000     0.000
202.541667  202.583333   538.49    33.24       0.958138       0.528000       1.452000     0.000
202.583333  202.625000   538.67    33.56       0.599500       0.264000       0.990000     0.000
202.625000  202.666667   538.29    34.02       0.358600       0.066000       0.792000     0.000
202.666667  202.708333   537.97    34.57       0.363000       0.000000       0.792000     0.000
202.708333  202.750000   537.35    35.15       0.370700      -0.066000       0.858000     0.000
202.750000  202.791667   536.86    35.71       0.525800       0.132000       0.990000     0.000
202.791667  202.833333   536.23    36.25       0.448800      -0.000000       0.990000     0.000
202.833333  202.875000   536.04    36.75       0.524644       0.198000       0.990000     0.000
202.875000  202.916667   535.93    37.21       0.440000       0.000000       0.924000     0.000
202.916667  202.958333   535.87    37.49       0.321200      -0.000000       0.726000     0.000
202.958333  203.000000   536.11    37.49       0.072346      -0.132000       0.264000     0.000
203.000000  203.041667   536.73    37.25       0.095526      -0.000000       0.264000     0.000
203.041667  203.083333   537.02    36.88       0.135474      -0.066000       0.396000     0.000
203.083333  203.125000   537.07    36.48       7.065219       2.046000      13.662000     0.000
203.125000  203.166667   537.08    36.15       1.478400       0.990000       2.046000     0.000
203.166667  203.208333   537.07    35.83       1.001423       0.462000       1.584000     0.000
203.208333  203.250000   536.93    35.56       0.954360       0.528000       1.254000     0.000
203.250000  203.291667   536.38    35.35       0.949729       0.594000       1.254000     0.000
203.291667  203.333333   536.17    35.12       1.124491       0.726000       1.584000     0.000
203.333333  203.375000   536.18    34.89       1.097885       0.660000       1.848000     0.000
203.375000  203.416667   536.25    34.68       0.999900       0.594000       1.386000     0.000
203.416667  203.458333   536.70    34.46       0.823900       0.330000       1.386000     0.000
203.458333  203.500000   536.99    34.21       0.539186       0.198000       0.990000     0.000
203.500000  203.541667   537.40    33.98       0.441864       0.066000       0.924000     0.000
203.541667  203.583333   537.93    33.84       0.396000       0.132000       0.726000     0.000
203.583333  203.625000   538.01    33.85       0.613412       0.264000       0.990000     0.000
203.625000  203.666667   537.89    33.95       0.500000       0.264000       0.726000     0.000
203.666667  203.708333   537.65    34.10       0.427778       0.198000       0.726000     0.000
203.708333  203.750000  9999.99  9999.99  999999.999999  999999.999999  999999.999999     0.999
203.750000  203.791667  9999.99  9999.99  999999.999999  999999.999999  999999.999999     0.999
203.791667  203.833333  9999.99  9999.99  999999.999999  999999.999999  999999.999999     0.999
203.833333  203.875000  9999.99  9999.99  999999.999999  999999.999999  999999.999999     0.999
203.875000  203.916667   535.99    35.59       0.692057       0.330000       1.254000     0.000
203.916667  203.958333   536.14    35.65       0.704449       0.264000       1.122000     0.000
203.958333  204.000000   536.60    35.44       0.797280       0.264000       1.122000     0.000
204.000000  204.041667   537.04    35.05       1.359320       0.858000       2.046000     0.000
204.041667  204.083333   537.14    34.64       0.788400       0.198000       1.386000     0.000
204.083333  204.125000   537.25    34.24       0.736775       0.330000       1.254000     0.000
204.125000  204.166667   537.46    33.93       0.688286       0.330000       1.056000     0.000
204.166667  204.208333   537.36    33.63       0.430375       0.066000       0.924000     0.000
204.208333  204.250000   537.13    33.33       0.256528       0.000000       0.660000     0.000
204.250000  204.291667   536.98    33.06       0.237875       0.000000       0.462000     0.000
204.291667  204.333333   536.81    32.77       0.420115       0.000000       0.858000     0.000
204.333333  204.375000   536.87    32.54       0.144000      -0.000000       0.396000     0.000
204.375000  204.416667   537.02    32.37       0.130680      -0.000000       0.330000     0.000
204.416667  204.458333   537.14    32.23       0.232269      -0.066000       0.660000     0.000
204.458333  204.500000   537.77    32.10       0.230353       0.000000       0.396000     0.000
204.500000  204.541667   538.27    32.03       0.167020      -0.000000       0.462000     0.000
204.541667  204.583333   538.85    32.09       0.105907      -0.066000       0.396000     0.000
204.583333  204.625000   538.75    32.33       0.216419       0.000000       0.528000     0.000
204.625000  204.666667   538.18    32.68       0.220000      -0.132000       0.594000     0.000
204.666667  204.708333   537.82    33.07       0.413769       0.066000       0.858000     0.000
204.708333  204.750000   537.04    33.58       0.504977      -0.000000       1.056000     0.000
204.750000  204.791667   536.29    34.12       0.586235       0.000000       1.386000     0.000
204.791667  204.833333   536.02    34.66       0.548000      -0.000000       1.188000     0.000
204.833333  204.875000  9999.99  9999.99  999999.999999  999999.999999  999999.999999     0.999
204.875000  204.916667  9999.99  9999.99  999999.999999  999999.999999  999999.999999     0.999
204.916667  204.958333  9999.99  9999.99  999999.999999  999999.999999  999999.999999     0.999
204.958333  205.000000  9999.99  9999.99  999999.999999  999999.999999  999999.999999     0.999
205.000000  205.041667  9999.99  9999.99  999999.999999  999999.999999  999999.999999     0.999
205.041667  205.083333  9999.99  9999.99  999999.999999  999999.999999  999999.999999     0.999
205.083333  205.125000  9999.99  9999.99  999999.999999  999999.999999  999999.999999     0.999
205.125000  205.166667  9999.99  9999.99  999999.999999  999999.999999  999999.999999     0.999
205.166667  205.208333   537.11    34.46       0.906000       0.396000       1.452000     0.000
205.208333  205.250000   536.94    34.26       0.650791       0.264000       1.188000     0.000
205.250000  205.291667   536.31    34.09       0.636900       0.264000       1.122000     0.000
205.291667  205.333333   535.98    33.93       0.844000       0.396000       1.254000     0.000
205.333333  205.375000   535.96    33.79       0.945353       0.462000       1.716000     0.000
205.375000  205.416667   535.96    33.57       0.703312       0.264000       1.188000     0.000
205.416667  205.458333  9999.99  9999.99  999999.999999  999999.999999  999999.999999     0.999
205.458333  205.500000   536.65    33.29       0.572000       0.330000       0.924000     0.000
205.500000  205.541667   537.22    33.21       0.811621       0.396000       1.254000     0.000
205.541667  205.583333   537.87    33.17       0.748800       0.264000       1.254000     0.000
205.583333  205.625000   537.97    33.33       0.824441       0.396000       1.254000     0.000
205.625000  205.666667   537.77    33.56       0.869000       0.396000       1.386000     0.000
205.666667  205.708333   537.39    33.71       0.794357       0.198000       1.386000     0.000
205.708333  205.750000   537.06    33.87       0.906490       0.330000       1.452000     0.000
205.750000  205.791667   536.59    34.08       1.023733       0.528000       1.650000     0.000
205.791667  205.833333   536.14    34.23       1.390605       1.056000       1.716000     0.000
205.833333  205.875000   536.12    34.25       1.761000       1.320000       2.112000     0.000
205.875000  205.916667   536.33    34.12       2.076698       1.584000       2.574000     0.000
205.916667  205.958333   536.76    33.85       2.109067       1.518000       2.640000     0.000
205.958333  206.000000   537.06    33.48       1.699117       1.188000       2.310000     0.000
206.000000  206.041667   537.42    33.04       1.163755       0.726000       1.848000     0.000
206.041667  206.083333   537.97    32.67       1.297044       0.924000       1.716000     0.000
206.083333  206.125000   538.10    32.40       1.208625       0.792000       1.716000     0.000
206.125000  206.166667   538.08    32.19       1.026667       0.660000       1.452000     0.000
206.166667  206.208333   538.05    32.03       0.935479       0.462000       1.452000     0.000
206.208333  206.250000   537.88    31.85       0.840529       0.462000       1.452000     0.000
206.250000  206.291667   537.46    31.64       0.707300       0.198000       1.122000     0.000
206.291667  206.333333   537.09    31.43       0.658653       0.330000       1.122000     0.000
206.333333  206.375000   536.96    31.21       0.569094       0.198000       0.858000     0.000
206.375000  206.416667   537.04    30.94       0.605000       0.330000       1.056000     0.000
206.416667  206.458333   537.23    30.72       0.529179       0.198000       0.858000     0.000
206.458333  206.500000   537.81    30.52       0.536800       0.198000       0.924000     0.000
206.500000  206.541667   538.19    30.46       0.536949       0.132000       0.858000     0.000
206.541667  206.583333   538.86    30.61       0.334552       0.000000       0.726000     0.000
206.583333  206.625000   539.02    30.88       0.444714       0.198000       0.660000     0.000
206.625000  206.666667   538.98    31.21       0.573692       0.198000       1.056000     0.000
206.666667  206.708333   538.51    31.59       0.532800       0.132000       0.990000     0.000
206.708333  206.750000   537.83    31.99       0.604800       0.066000       1.320000     0.000
206.750000  206.791667   537.27    32.41       0.594000       0.198000       1.122000     0.000
206.791667  206.833333   537.01    32.87       0.624893       0.198000       1.122000     0.000
206.833333  206.875000   536.95    33.27       1.023000       0.528000       1.518000     0.000
206.875000  206.916667   537.07    33.59       0.877500       0.462000       1.386000     0.000
206.916667  206.958333   537.28    33.68       0.842218       0.132000       1.650000     0.000
206.958333  207.000000   537.81    33.56       1.592800       0.594000       3.960000     0.000
207.000000  207.041667   538.16    33.30       2.895284       1.452000       4.356000     0.000
207.041667  207.083333   538.51    32.96       2.704680       1.782000       3.762000     0.000
207.083333  207.125000   538.68    32.61       2.369774       0.924000       3.432000     0.000
207.125000  207.166667   538.21    32.31       1.234655       0.594000       1.848000     0.000
207.166667  207.208333   538.14    32.04       1.114170       0.594000       1.716000     0.000
207.208333  207.250000   538.01    31.82       0.942000       0.462000       1.452000     0.000
207.250000  207.291667   537.76    31.56       0.632690       0.132000       1.122000     0.000
207.291667  207.333333   537.61    31.31       0.472043       0.066000       0.924000     0.000
207.333333  207.375000   537.72    31.12       0.431415       0.066000       0.792000     0.000
207.375000  207.416667   537.81    30.94       0.531771       0.132000       0.924000     0.000
207.416667  207.458333   537.87    30.77       0.823322       0.330000       1.188000     0.000
207.458333  207.500000   538.10    30.57       0.575474       0.198000       0.990000     0.000
207.500000  207.541667   538.67    30.44       0.474878       0.066000       0.924000     0.000
207.541667  207.583333   539.36    30.48       0.315652       0.000000       0.726000     0.000
207.583333  207.625000   539.61    30.58       0.217800       0.000000       0.594000     0.000
207.625000  207.666667   539.17    30.80       0.223300       0.000000       0.528000     0.000
207.666667  207.708333   538.94    31.09       0.247500      -0.066000       0.594000     0.000
207.708333  207.750000   538.21    31.42       0.497829       0.066000       0.924000     0.000
207.750000  207.791667   537.98    31.81       0.322326       0.000000       0.792000     0.000
207.791667  207.833333   538.01    32.17       0.374000       0.000000       0.858000     0.000
207.833333  207.875000   538.03    32.52       0.372240       0.066000       0.726000     0.000
207.875000  207.916667   538.01    32.86       0.364100      -0.132000       0.924000     0.000
207.916667  207.958333   538.10    33.14       0.388169       0.066000       0.858000     0.000
207.958333  208.000000   538.20    33.26       0.501600       0.132000       0.858000     0.000
208.000000  208.041667   538.64    33.36       0.418898      -0.000000       0.858000     0.000
208.041667  208.083333   539.00    33.38       0.733333       0.132000       1.320000     0.000
208.083333  208.125000   539.08    33.32       0.797657       0.330000       1.386000     0.000
208.125000  208.166667   539.03    33.19       0.854333       0.198000       2.046000     0.000
208.166667  208.208333   539.01    33.05       0.827276       0.396000       1.254000     0.000
208.208333  208.250000   538.86    32.88       0.765153       0.264000       1.254000     0.000
208.250000  208.291667   538.44    32.73       0.903375       0.330000       1.518000     0.000
208.291667  208.333333   538.13    32.54       0.621789       0.264000       1.122000     0.000
