data/MAAP/BO0001R.20160101000000.20161231000000.filter_absorption_photometer.aerosol_absorption_coefficient.pm10.1y.1h.BO01L_MAAP_5012_CHACALTAYA_BOLIVIA.NO01L_MAAP_5012.lev2.nas
76 1001
Andrade, Marcos; Zaratti, Francesco
BO01L, Universidad Mayor de San Andrés, UMSA-LAP, Laboratory for Atmospheric Physics, Campus Cota Cota calle 27, Endifico FCPN piso 3, 04680, La Paz, Bolivia
Velarde, Fernando
GAW-WDCA GUAN ACTRIS
1 1
2016 01 01   2017 03 01
0.041667
days from file reference point
7
1 1 1 1 1 1 1
9999.999999 9999.99 9999.99 999999.999999 999999.999999 999999.999999 9.999
end_time of measurement, days from the file reference point
pressure, hPa, Location=instrument internal, Matrix=instrument, Detection limit=, Detection limit expl.=, Measurement uncertainty=
temperature, K, Location=instrument internal, Matrix=instrument, Detection limit=, Detection limit expl.=, Measurement uncertainty=
aerosol_absorption_coefficient, 1/Mm, Wavelength=670.0 nm
aerosol_absorption_coefficient, 1/Mm, Wavelength=670.0 nm, Statistics=percentile:15.87
aerosol_absorption_coefficient, 1/Mm, Wavelength=670.0 nm, Statistics=percentile:84.13
numflag, no unit
0
55
Data definition:              EBAS_1.1
Set type code:                TU
Timezone:                     UTC
File name:                    BO0001R.20160101000000.20161231000000.filter_absorption_photometer.aerosol_absorption_coefficient.pm10.1y.1h.BO01L_MAAP_5012_CHACALTAYA_BOLIVIA.NO01L_MAAP_5012.lev2.nas
File creation:                20170127154610
Startdate:                    20160101000000
Revision date:                20170301000000
Version:                      1
Version description:          initial revision
Statistics:                   arithmetic mean
Data level:                   2
Period code:                  1y
Resolution code:              1h
Sample duration:              1h
Orig. time res.:              1mn
Station code:                 BO0001R
Platform code:                BO0001S
Station name:   	      Chacaltaya Station Atmospheric Monitoring Site	
Station latitude:             -16.35
Station longitude:            -68.13
Station altitude:             5240m
Measurement latitude:         -16.35
Measurement longitude:        -68.13
Measurement altitude:         5240m
Measurement height:           5.0m
Regime:                       
Component:                    aerosol_absorption_coefficient
Unit:                         1/Mm
Matrix:                       pm10
Instrument type:              filter_absorption_photometer
Laboratory code:              BO01L
Instrument name:              MAAP_5012_CHACALTAYA_BOLIVIA
Instrument manufacturer:      Thermo
Instrument model:             5012
Instrument serial number:     None
Method ref:                   NO01L_MAAP_5012
Standard method:              Single-angle_Correction=none
Inlet type:                   Whole Air
Inlet description:            Automatic heater dryer which is activated for Relative Humidity great than 90%, flow 162.00 l/min
Humidity/temperature control: None
Humidity/temperature control description: passive, sample heated from atmospheric to lab temperature
Volume std. temperature:      273.15K
Volume std. pressure:         1013.25hPa
Detection limit:              0.1 1/Mm
Detection limit expl.:        Determined by instrument noise characteristics, no detection limit flag used
Measurement uncertainty:      6.0 %
Measurement uncertainty expl.: typical value of unit-to-unit variability
Zero/negative values code:    Zero/negative possible
Zero/negative values:         Zero and neg. values may appear due to statistical variations at very low concentrations
Originator:                   Andrade, Marcos, mandrade@atmos.umd.edu, Laboratory for Atmospheric Physics, LAP, , Campus Cota Cota calle 27 FCPN Building piso 3, , 4680, La Paz, Bolivia
Originator:                   Zaratti, Francesco, fzaratti@umsa.bo, Laboratory for Atmospheric Physics, LAP, , Campus Cota Cota calle 27 FCPN Building piso 3, , 4680, La Paz, Bolivia
Submitter:                    Velarde, Fernando, fvelarde@chacaltaya.edu.bo, Laboratory for Atmospheric Physics, LAP, , Campus Cota Cota calle 27 FCPN Building piso 3, , 4680, La Paz, Bolivia
Acknowledgement:              Request acknowledgement details from data originator
Comment:                      None
start_time    end_time   p_int      T_int       abs670       abs670pc16     abs670pc84   numflag 
[from data line 5167]
215.291667  215.333333   541.07   306.25       0.883300       0.462000       1.386000     0.000
215.333333  215.375000   541.02   306.02       0.595100       0.132000       1.056000     0.000
215.375000  215.416667   541.00   305.80       0.471900       0.066000       0.792000     0.000
215.416667  215.458333   541.16   305.56       0.598400       0.132000       0.990000     0.000
215.458333  215.500000   541.62   305.35       0.317900       0.000000       0.726000     0.000
215.500000  215.541667   542.00   305.20       0.340800       0.066000       0.660000     0.000
215.541667  215.583333   542.32   305.30       0.529692       0.132000       0.924000     0.000
215.583333  215.625000   542.44   305.55       1.173207       0.462000       2.046000     0.000
215.625000  215.666667   542.25   305.88       7.590000       0.726000      16.698000     0.000
215.666667  215.708333   541.84   306.39      19.392450      14.981999      24.618000     0.000
215.708333  215.750000   541.26   306.83      11.957881       9.174000      14.915999     0.000
215.750000  215.791667   540.88   307.30       8.331931       5.214000      10.230000     0.000
215.791667  215.833333   540.54   307.75       5.046359       3.498000       6.798000     0.000
215.833333  215.875000   540.35   308.10       4.165333       2.970000       4.818000     0.000
215.875000  215.916667   540.67   308.37       9.326485       8.580000      10.032000     0.000
215.916667  215.958333   540.74   308.52       5.299345       2.970000       7.986000     0.000
215.958333  216.000000   540.91   308.46       2.556401       2.178000       2.838000     0.000
216.000000  216.041667   541.11   308.24       2.497000       1.848000       3.036000     0.000
216.041667  216.083333   541.48   307.95       1.371700       0.990000       1.848000     0.000
216.083333  216.125000   541.73   307.66       0.811800       0.264000       1.320000     0.000
216.125000  216.166667   541.61   307.35       0.315700       0.000000       0.594000     0.000
216.166667  216.208333   541.65   307.06       0.348700       0.066000       0.660000     0.000
216.208333  216.250000   541.35   306.79       0.309100       0.066000       0.528000     0.000
216.250000  216.291667   541.03   306.53       0.157300      -0.066000       0.264000     0.000
216.291667  216.333333   540.94   306.30       0.103400      -0.132000       0.462000     0.000
216.333333  216.375000   540.81   306.08       0.024200      -0.132000       0.132000     0.000
216.375000  216.416667   540.80   305.87       0.020136      -0.198000       0.132000     0.000
216.416667  216.458333   540.96   305.66       0.039875      -0.132000       0.198000     0.000
216.458333  216.500000   541.20   305.49      -0.003300      -0.066000       0.066000     0.000
216.500000  216.541667   541.73   305.40       0.039153      -0.066000       0.198000     0.000
216.541667  216.583333   542.03   305.52       0.365200       0.066000       0.594000     0.000
216.583333  216.625000   542.21   305.74       1.151163       0.462000       2.046000     0.000
216.625000  216.666667   542.03   306.16      10.966421       0.792000      25.410000     0.000
216.666667  216.708333   541.80   306.56      23.592459      16.896000      30.755999     0.000
216.708333  216.750000   541.26   306.99       8.044079       6.336000       9.636000     0.000
216.750000  216.791667   540.74   307.50       6.199446       5.280000       7.062000     0.000
216.791667  216.833333   540.22   307.91       5.567100       4.158000       6.666000     0.000
216.833333  216.875000   540.16   308.30       5.167800       4.224000       6.204000     0.000
216.875000  216.916667   540.25   308.63       5.911399       3.894000       7.590000     0.000
216.916667  216.958333   540.66   308.83       2.662000       1.518000       2.838000     0.000
216.958333  217.000000   540.89   308.82       1.916200       1.518000       2.310000     0.000
217.000000  217.041667   541.10   308.62       1.959100       1.584000       2.310000     0.000
217.041667  217.083333   541.54   308.33       0.716100       0.198000       1.122000     0.000
217.083333  217.125000   541.69   307.99       0.193368       0.000000       0.528000     0.000
217.125000  217.166667   541.72   307.67       0.145200      -0.066000       0.396000     0.000
217.166667  217.208333   541.59   307.35       0.105600      -0.066000       0.330000     0.000
217.208333  217.250000   541.15   307.05       0.089100      -0.132000       0.330000     0.000
217.250000  217.291667   541.00   306.78       0.117700      -0.066000       0.330000     0.000
217.291667  217.333333   540.90   306.51       0.238700       0.000000       0.462000     0.000
217.333333  217.375000   540.81   306.26       0.268400       0.000000       0.528000     0.000
217.375000  217.416667   540.93   306.04       1.061500       0.330000       1.716000     0.000
217.416667  217.458333   541.17   305.87       1.917300       1.188000       2.574000     0.000
217.458333  217.500000   541.73   305.73       2.402401       1.980000       2.772000     0.000
217.500000  217.541667   542.03   305.66       2.571361       2.244000       2.970000     0.000
217.541667  217.583333   542.73   305.78       2.360554       1.980000       2.706000     0.000
217.583333  217.625000   542.80   306.11       1.839051       1.122000       2.706000     0.000
217.625000  217.666667   542.30   306.62       1.788226       1.188000       2.442000     0.000
217.666667  217.708333   541.80   307.17       3.190000       2.640000       3.762000     0.000
217.708333  217.750000   541.17   307.62       3.410880       2.772000       3.960000     0.000
217.750000  217.791667   540.64   308.13       3.433245       2.970000       3.828000     0.000
217.791667  217.833333   540.17   308.51       4.102241       3.762000       4.422000     0.000
217.833333  217.875000   540.17   308.76       2.055830       1.584000       2.640000     0.000
217.875000  217.916667   540.26   308.89       1.833958       1.122000       2.508000     0.000
217.916667  217.958333   540.47   308.96       2.360217       1.584000       3.102000     0.000
217.958333  218.000000   540.51   308.85       2.895200       2.376000       3.366000     0.000
218.000000  218.041667   540.71   308.55       2.214300       1.848000       2.574000     0.000
218.041667  218.083333   540.91   308.18       3.719100       3.234000       4.158000     0.000
218.083333  218.125000   541.00   307.82       2.966701       2.442000       3.300000     0.000
218.125000  218.166667   541.01   307.47       1.808400       1.254000       2.376000     0.000
218.166667  218.208333   540.88   307.13       1.345300       0.858000       1.848000     0.000
218.208333  218.250000   540.70   306.83       1.974500       1.320000       2.574000     0.000
218.250000  218.291667   540.37   306.56       2.681801       2.046000       3.300000     0.000
218.291667  218.333333   540.05   306.33       2.746700       2.112000       3.366000     0.000
218.333333  218.375000   539.91   306.12       1.774300       1.254000       2.244000     0.000
218.375000  218.416667   539.95   305.91       1.633500       1.122000       2.178000     0.000
218.416667  218.458333   540.01   305.72       1.783100       1.188000       2.442000     0.000
218.458333  218.500000   540.41   305.55       1.273800       0.792000       1.716000     0.000
218.500000  218.541667   540.92   305.43       1.226500       0.660000       1.782000     0.000
218.541667  218.583333   541.09   305.55       0.979500       0.594000       1.452000     0.000
218.583333  218.625000   541.28   305.81       1.053131       0.594000       1.584000     0.000
218.625000  218.666667   540.99   306.15       1.369500       0.792000       1.980000     0.000
218.666667  218.708333   540.72   306.51       1.745334       1.386000       2.046000     0.000
218.708333  218.750000   540.11   306.90       2.136391       1.584000       2.508000     0.000
218.750000  218.791667   539.75   307.31       2.446213       2.046000       2.904000     0.000
218.791667  218.833333   539.16   307.75       2.352534       1.914000       2.772000     0.000
218.833333  218.875000   539.07   308.16       2.068000       1.650000       2.574000     0.000
218.875000  218.916667   538.71   308.47       2.258667       1.650000       2.706000     0.000
218.916667  218.958333   538.91   308.62       1.639734       1.254000       2.112000     0.000
218.958333  219.000000   539.42   308.47       1.232449       0.792000       1.650000     0.000
219.000000  219.041667   539.88   308.15       1.531424       1.122000       1.980000     0.000
219.041667  219.083333   540.18   307.78       1.185800       0.660000       1.650000     0.000
219.083333  219.125000   540.77   307.40       1.103300       0.528000       1.650000     0.000
219.125000  219.166667   540.88   307.06       1.233100       0.792000       1.716000     0.000
219.166667  219.208333   540.92   306.78       1.348600       0.858000       1.716000     0.000
219.208333  219.250000   540.82   306.55       1.389300       0.858000       1.980000     0.000
219.250000  219.291667   540.55   306.32       1.793000       1.386000       2.244000     0.000
219.291667  219.333333   540.15   306.08       1.889800       1.386000       2.376000     0.000
219.333333  219.375000   540.11   305.82       2.190100       1.716000       2.640000     0.000
219.375000  219.416667   540.36   305.61       2.108701       1.518000       2.574000     0.000
219.416667  219.458333   540.83   305.46       1.806200       1.386000       2.310000     0.000
219.458333  219.500000   540.99   305.33       0.777700       0.198000       1.320000     0.000
219.500000  219.541667   541.41   305.23       0.513700      -0.000000       1.056000     0.000
219.541667  219.583333   541.70   305.32       0.587400      -0.000000       1.188000     0.000
219.583333  219.625000   541.80   305.62       0.832700       0.264000       1.386000     0.000
219.625000  219.666667   541.51   306.02       1.017790       0.396000       1.650000     0.000
219.666667  219.708333   541.01   306.45       0.980791       0.462000       1.584000     0.000
219.708333  219.750000   540.49   306.90       0.957000       0.264000       1.716000     0.000
219.750000  219.791667   540.00   307.30       0.808800       0.198000       1.518000     0.000
219.791667  219.833333   539.81   307.73       0.979579       0.462000       1.518000     0.000
219.833333  219.875000   539.37   308.15       1.464305       0.924000       2.046000     0.000
219.875000  219.916667   539.15   308.53       1.733600       1.188000       2.310000     0.000
219.916667  219.958333   539.10   308.76       1.694000       1.188000       2.244000     0.000
219.958333  220.000000   539.47   308.74       2.716560       1.980000       3.366000     0.000
220.000000  220.041667   540.01   308.53       3.652000       3.300000       3.894000     0.000
220.041667  220.083333   540.35   308.24       3.746600       3.432000       4.026000     0.000
220.083333  220.125000   540.62   307.96       3.907200       3.564000       4.290000     0.000
220.125000  220.166667   540.66   307.73       4.108500       3.828000       4.290000     0.000
220.166667  220.208333   540.47   307.50       3.758700       3.366000       4.158000     0.000
220.208333  220.250000   540.07   307.27       3.569501       3.366000       3.894000     0.000
220.250000  220.291667   539.90   307.06       3.862101       3.564000       4.158000     0.000
220.291667  220.333333   539.58   306.87       3.670700       3.366000       4.026000     0.000
220.333333  220.375000   539.45   306.68       3.482600       3.102000       3.894000     0.000
220.375000  220.416667   539.63   306.50       3.467200       3.102000       3.762000     0.000
220.416667  220.458333   539.93   306.34       3.276901       2.310000       4.092000     0.000
220.458333  220.500000   540.19   306.20       2.247300       1.782000       2.772000     0.000
220.500000  220.541667   540.78   306.07       1.257300       0.330000       2.046000     0.000
220.541667  220.583333   541.01   306.12       1.035571       0.528000       1.650000     0.000
220.583333  220.625000   541.05   306.34       1.578923       0.660000       2.442000     0.000
220.625000  220.666667   540.83   306.70       1.512261       0.924000       2.178000     0.000
220.666667  220.708333   540.24   307.20       1.504250       0.858000       2.046000     0.000
220.708333  220.750000   539.91   307.61       0.826269       0.000000       1.716000     0.000
220.750000  220.791667   539.24   307.90       1.456041       0.924000       1.914000     0.000
220.791667  220.833333   538.87   308.23       1.110621       0.528000       1.584000     0.000
220.833333  220.875000   538.84   308.54       0.691900       0.198000       1.188000     0.000
220.875000  220.916667   538.89   308.78       0.522500      -0.000000       0.924000     0.000
220.916667  220.958333   539.00   308.93       0.660000       0.330000       0.924000     0.000
220.958333  221.000000   539.36   308.87       0.754600       0.396000       1.122000     0.000
221.000000  221.041667   539.91   308.61       0.896500       0.528000       1.320000     0.000
221.041667  221.083333   540.31   308.30       3.362700       1.188000       5.346000     0.000
221.083333  221.125000   540.77   307.97       2.763200       2.112000       3.366000     0.000
221.125000  221.166667   540.85   307.67       1.763300       0.528000       2.640000     0.000
221.166667  221.208333   540.75   307.39       0.786923       0.396000       1.122000     0.000
221.208333  221.250000   540.29   307.11       0.992694       0.396000       1.716000     0.000
221.250000  221.291667   540.01   306.83       0.958868       0.396000       1.584000     0.000
221.291667  221.333333   539.74   306.55       1.905445       0.792000       2.772000     0.000
221.333333  221.375000   539.82   306.33       2.014800       1.584000       2.442000     0.000
221.375000  221.416667   539.92   306.17       2.933633       2.508000       3.432000     0.000
221.416667  221.458333   540.05   306.02       2.737133       2.310000       3.102000     0.000
221.458333  221.500000   540.50   305.88       2.288000       1.848000       2.706000     0.000
221.500000  221.541667   540.84   305.80       2.043800       1.452000       2.574000     0.000
221.541667  221.583333   541.02   305.91       2.112001       1.716000       2.574000     0.000
221.583333  221.625000   541.18   306.17      13.581700       2.640000      20.393999     0.000
221.625000  221.666667   540.97   306.51      10.577598       7.062000      13.134000     0.000
221.666667  221.708333   540.54   306.93       4.355999       3.300000       5.478000     0.000
221.708333  221.750000   540.03   307.39       2.720301       1.650000       3.894000     0.000
221.750000  221.791667   539.58   307.76       1.111000       0.594000       1.848000     0.000
221.791667  221.833333   539.13   308.03       1.193593       0.858000       1.650000     0.000
221.833333  221.875000   538.94   308.24       0.981051       0.528000       1.386000     0.000
221.875000  221.916667   539.01   308.45       0.986700       0.594000       1.386000     0.000
221.916667  221.958333   539.10   308.54       1.676400       0.726000       2.838000     0.000
221.958333  222.000000   539.71   308.40       0.521400       0.066000       0.990000     0.000
222.000000  222.041667   540.08   308.11       0.426800       0.066000       0.792000     0.000
222.041667  222.083333   540.43   307.78       0.684200       0.198000       1.122000     0.000
222.083333  222.125000   540.67   307.48       0.974600       0.462000       1.518000     0.000
222.125000  222.166667   540.77   307.23       0.683100       0.066000       1.320000     0.000
222.166667  222.208333   540.54   306.99       0.662200       0.132000       1.254000     0.000
