data/MAAP/BO0001R.20160101000000.20161231000000.filter_absorption_photometer.aerosol_absorption_coefficient.pm10.1y.1h.BO01L_MAAP_5012_CHACALTAYA_BOLIVIA.NO01L_MAAP_5012.lev2.nas
76 1001
Andrade, Marcos; Zaratti, Francesco
BO01L, Universidad Mayor de San Andrés, UMSA-LAP, Laboratory for Atmospheric Physics, Campus Cota Cota calle 27, Endifico FCPN piso 3, 04680, La Paz, Bolivia
Velarde, Fernando
GAW-WDCA GUAN ACTRIS
1 1
2016 01 01   2017 03 01
0.041667
days from file reference point
7
1 1 1 1 1 1 1
9999.999999 9999.99 9999.99 999999.999999 999999.999999 999999.999999 9.999
end_time of measurement, days from the file reference point
pressure, hPa, Location=instrument internal, Matrix=instrument, Detection limit=, Detection limit expl.=, Measurement uncertainty=
temperature, K, Location=instrument internal, Matrix=instrument, Detection limit=, Detection limit expl.=, Measurement uncertainty=
aerosol_absorption_coefficient, 1/Mm, Wavelength=670.0 nm
aerosol_absorption_coefficient, 1/Mm, Wavelength=670.0 nm, Statistics=percentile:15.87
aerosol_absorption_coefficient, 1/Mm, Wavelength=670.0 nm, Statistics=percentile:84.13
numflag, no unit
0
55
Data definition:              EBAS_1.1
Set type code:                TU
Timezone:                     UTC
File name:                    BO0001R.20160101000000.20161231000000.filter_absorption_photometer.aerosol_absorption_coefficient.pm10.1y.1h.BO01L_MAAP_5012_CHACALTAYA_BOLIVIA.NO01L_MAAP_5012.lev2.nas
File creation:                20170127154610
Startdate:                    20160101000000
Revision date:                20170301000000
Version:                      1
Version description:          initial revision
Statistics:                   arithmetic mean
Data level:                   2
Period code:                  1y
Resolution code:              1h
Sample duration:              1h
Orig. time res.:              1mn
Station code:                 BO0001R
Platform code:                BO0001S
Station name:   	      Chacaltaya Station Atmospheric Monitoring Site	
Station latitude:             -16.35
Station longitude:            -68.13
Station altitude:             5240m
Measurement latitude:         -16.35
Measurement longitude:        -68.13
Measurement altitude:         5240m
Measurement height:           5.0m
Regime:                       
Component:                    aerosol_absorption_coefficient
Unit:                         1/Mm
Matrix:                       pm10
Instrument type:              filter_absorption_photometer
Laboratory code:              BO01L
Instrument name:              MAAP_5012_CHACALTAYA_BOLIVIA
Instrument manufacturer:      Thermo
Instrument model:             5012
Instrument serial number:     None
Method ref:                   NO01L_MAAP_5012
Standard method:              Single-angle_Correction=none
Inlet type:                   Whole Air
Inlet description:            Automatic heater dryer which is activated for Relative Humidity great than 90%, flow 162.00 l/min
Humidity/temperature control: None
Humidity/temperature control description: passive, sample heated from atmospheric to lab temperature
Volume std. temperature:      273.15K
Volume std. pressure:         1013.25hPa
Detection limit:              0.1 1/Mm
Detection limit expl.:        Determined by instrument noise characteristics, no detection limit flag used
Measurement uncertainty:      6.0 %
Measurement uncertainty expl.: typical value of unit-to-unit variability
Zero/negative values code:    Zero/negative possible
Zero/negative values:         Zero and neg. values may appear due to statistical variations at very low concentrations
Originator:                   Andrade, Marcos, mandrade@atmos.umd.edu, Laboratory for Atmospheric Physics, LAP, , Campus Cota Cota calle 27 FCPN Building piso 3, , 4680, La Paz, Bolivia
Originator:                   Zaratti, Francesco, fzaratti@umsa.bo, Laboratory for Atmospheric Physics, LAP, , Campus Cota Cota calle 27 FCPN Building piso 3, , 4680, La Paz, Bolivia
Submitter:                    Velarde, Fernando, fvelarde@chacaltaya.edu.bo, Laboratory for Atmospheric Physics, LAP, , Campus Cota Cota calle 27 FCPN Building piso 3, , 4680, La Paz, Bolivia
Acknowledgement:              Request acknowledgement details from data originator
Comment:                      None
start_time    end_time   p_int      T_int       abs670       abs670pc16     abs670pc84   numflag 
[from data line 501]
 20.875000   20.916667   539.48   314.97       0.313116      -0.000000       0.792000     0.000
 20.916667   20.958333   539.30   317.11       0.189951      -1.122000       1.452000     0.000
 20.958333   21.000000   539.69   317.56       0.362326      -0.066000       0.726000     0.000
 21.000000   21.041667   539.99   316.67       0.671234       0.066000       1.254000     0.000
 21.041667   21.083333   540.22   315.69       0.774490       0.066000       1.518000     0.000
 21.083333   21.125000   540.65   314.92       0.691200       0.066000       1.650000     0.000
 21.125000   21.166667   540.61   314.23       0.515778       0.000000       0.792000     0.000
 21.166667   21.208333   540.31   313.64       0.710111       0.198000       1.254000     0.000
 21.208333   21.250000   540.04   313.16       0.510632      -0.000000       1.056000     0.000
 21.250000   21.291667   539.77   312.75       0.301053      -0.066000       0.792000     0.000
 21.291667   21.333333   539.46   312.51       0.097821      -0.066000       0.330000     0.000
 21.333333   21.375000   539.24   312.48       0.067138       0.000000       0.264000     0.000
 21.375000   21.416667   539.30   312.53       0.078222       0.000000       0.132000     0.000
 21.416667   21.458333   539.83   312.61       0.028448      -0.198000       0.330000     0.000
 21.458333   21.500000   540.16   312.72       0.096324      -0.198000       0.330000     0.000
 21.500000   21.541667   540.85   312.82       0.091548       0.000000       0.264000     0.000
 21.541667   21.583333   541.06   312.95       1.290000       0.264000       2.178000     0.000
 21.583333   21.625000   541.20   313.13       5.752421       4.422000       7.194000     0.000
 21.625000   21.666667   541.19   313.14      10.828124       9.042000      10.889999     0.000
 21.666667   21.708333   541.12   312.93      10.427999       8.052000      12.540000     0.000
 21.708333   21.750000   540.93   312.76       4.548176       1.650000       6.864000     0.000
 21.750000   21.791667   540.65   312.81       1.008562       0.528000       1.650000     0.000
 21.791667   21.833333   540.32   313.06       1.085333       0.726000       1.584000     0.000
 21.833333   21.875000   540.01   313.43       1.109122       0.726000       1.518000     0.000
 21.875000   21.916667   539.96   313.92       0.771100       0.132000       1.320000     0.000
 21.916667   21.958333   539.98   315.39       0.764500      -0.330000       1.584000     0.000
 21.958333   22.000000   540.11   316.00       0.845263       0.330000       1.386000     0.000
 22.000000   22.041667   540.56   315.33       0.936000       0.198000       1.716000     0.000
 22.041667   22.083333  9999.99  9999.99  999999.999999  999999.999999  999999.999999     0.999
 22.083333   22.125000  9999.99  9999.99  999999.999999  999999.999999  999999.999999     0.999
 22.125000   22.166667  9999.99  9999.99  999999.999999  999999.999999  999999.999999     0.999
 22.166667   22.208333  9999.99  9999.99  999999.999999  999999.999999  999999.999999     0.999
 22.208333   22.250000  9999.99  9999.99  999999.999999  999999.999999  999999.999999     0.999
 22.250000   22.291667  9999.99  9999.99  999999.999999  999999.999999  999999.999999     0.999
 22.291667   22.333333  9999.99  9999.99  999999.999999  999999.999999  999999.999999     0.999
 22.333333   22.375000  9999.99  9999.99  999999.999999  999999.999999  999999.999999     0.999
 22.375000   22.416667  9999.99  9999.99  999999.999999  999999.999999  999999.999999     0.999
 22.416667   22.458333  9999.99  9999.99  999999.999999  999999.999999  999999.999999     0.999
 22.458333   22.500000  9999.99  9999.99  999999.999999  999999.999999  999999.999999     0.999
 22.500000   22.541667  9999.99  9999.99  999999.999999  999999.999999  999999.999999     0.999
 22.541667   22.583333  9999.99  9999.99  999999.999999  999999.999999  999999.999999     0.999
 22.583333   22.625000  9999.99  9999.99  999999.999999  999999.999999  999999.999999     0.999
 22.625000   22.666667  9999.99  9999.99  999999.999999  999999.999999  999999.999999     0.999
 22.666667   22.708333  9999.99  9999.99  999999.999999  999999.999999  999999.999999     0.999
 22.708333   22.750000   541.94   311.90       0.911900       0.396000       1.518000     0.000
 22.750000   22.791667   541.59   312.21       1.008700       0.462000       1.584000     0.000
 22.791667   22.833333   540.97   312.62       1.597200       0.792000       1.980000     0.000
 22.833333   22.875000   540.62   313.13       1.180529       0.462000       1.980000     0.000
 22.875000   22.916667   540.28   313.66       1.061077       0.462000       1.782000     0.000
 22.916667   22.958333   540.13   315.76       0.843652      -0.528000       2.046000     0.000
 22.958333   23.000000   540.25   316.03       0.770000       0.264000       1.320000     0.000
 23.000000   23.041667   540.81   314.98       0.799334       0.198000       1.320000     0.000
 23.041667   23.083333   541.05   313.95       0.853600       0.198000       1.848000     0.000
 23.083333   23.125000   541.47   313.06       0.617100       0.000000       1.188000     0.000
 23.125000   23.166667   541.30   312.35       0.952600       0.330000       1.452000     0.000
 23.166667   23.208333   541.04   311.76       2.324300       1.518000       2.904000     0.000
 23.208333   23.250000   540.58   311.29       2.011900       1.320000       2.772000     0.000
 23.250000   23.291667   540.03   310.90       1.867801       1.386000       2.244000     0.000
 23.291667   23.333333   539.84   310.65       1.409100       0.924000       1.848000     0.000
 23.333333   23.375000   539.62   310.65       1.191300       0.726000       1.848000     0.000
 23.375000   23.416667   539.73   310.74       1.298000       0.858000       1.716000     0.000
 23.416667   23.458333   539.95   310.84       1.252900       0.792000       1.782000     0.000
 23.458333   23.500000   540.13   310.94       1.328800       0.858000       1.716000     0.000
 23.500000   23.541667   540.76   311.04       1.985500       1.386000       2.640000     0.000
 23.541667   23.583333   541.01   311.18       1.849101       1.452000       2.244000     0.000
 23.583333   23.625000   541.02   311.64       2.374900       1.650000       3.036000     0.000
 23.625000   23.666667   540.91   312.43       3.510305       2.772000       4.422000     0.000
 23.666667   23.708333   540.44   313.33       3.132800       1.716000       4.554000     0.000
 23.708333   23.750000   539.92   314.11       2.867700       2.244000       3.564000     0.000
 23.750000   23.791667   539.31   314.76       2.687300       2.178000       3.300000     0.000
 23.791667   23.833333   538.73   315.33       2.347401       1.782000       2.970000     0.000
 23.833333   23.875000   538.17   315.68       2.180200       1.716000       2.706000     0.000
 23.875000   23.916667   538.04   315.88       2.370501       1.848000       2.838000     0.000
 23.916667   23.958333   538.06   315.98       2.730200       2.310000       3.102000     0.000
 23.958333   24.000000   538.77   315.81       2.014100       1.452000       2.640000     0.000
 24.000000   24.041667   539.34   315.49       1.922800       1.320000       2.574000     0.000
 24.041667   24.083333   539.95   315.10       1.103300       0.528000       1.584000     0.000
 24.083333   24.125000   540.07   314.72       0.805200       0.330000       1.254000     0.000
 24.125000   24.166667   540.04   314.36       0.847000       0.396000       1.386000     0.000
 24.166667   24.208333   539.87   314.07       0.828300       0.330000       1.320000     0.000
 24.208333   24.250000   539.31   313.81       1.012000       0.462000       1.584000     0.000
 24.250000   24.291667   539.01   313.57       0.907500       0.264000       1.518000     0.000
 24.291667   24.333333   538.82   313.39       0.942700       0.396000       1.386000     0.000
 24.333333   24.375000   538.77   313.44       0.866800       0.330000       1.650000     0.000
 24.375000   24.416667   538.95   313.60       0.999900       0.396000       1.518000     0.000
 24.416667   24.458333   539.35   313.77       0.982300       0.528000       1.584000     0.000
 24.458333   24.500000   539.94   313.94       1.015300       0.594000       1.518000     0.000
 24.500000   24.541667   540.18   314.09       0.975480       0.462000       1.650000     0.000
 24.541667   24.583333   540.53   314.26       0.975700       0.528000       1.386000     0.000
 24.583333   24.625000   540.71   314.17       4.955593       1.848000       8.250000     0.000
 24.625000   24.666667   540.69   313.54       8.427099       6.468000       9.108000     0.000
 24.666667   24.708333   540.38   312.78       5.964201       4.884000       6.995999     0.000
 24.708333   24.750000   540.10   312.26       3.994375       1.056000       4.950000     0.000
 24.750000   24.791667  9999.99  9999.99  999999.999999  999999.999999  999999.999999     0.999
 24.791667   24.833333  9999.99  9999.99  999999.999999  999999.999999  999999.999999     0.999
 24.833333   24.875000  9999.99  9999.99  999999.999999  999999.999999  999999.999999     0.999
 24.875000   24.916667  9999.99  9999.99  999999.999999  999999.999999  999999.999999     0.999
 24.916667   24.958333  9999.99  9999.99  999999.999999  999999.999999  999999.999999     0.999
 24.958333   25.000000  9999.99  9999.99  999999.999999  999999.999999  999999.999999     0.999
 25.000000   25.041667  9999.99  9999.99  999999.999999  999999.999999  999999.999999     0.999
 25.041667   25.083333  9999.99  9999.99  999999.999999  999999.999999  999999.999999     0.999
 25.083333   25.125000  9999.99  9999.99  999999.999999  999999.999999  999999.999999     0.999
 25.125000   25.166667  9999.99  9999.99  999999.999999  999999.999999  999999.999999     0.999
 25.166667   25.208333  9999.99  9999.99  999999.999999  999999.999999  999999.999999     0.999
 25.208333   25.250000  9999.99  9999.99  999999.999999  999999.999999  999999.999999     0.999
 25.250000   25.291667  9999.99  9999.99  999999.999999  999999.999999  999999.999999     0.999
 25.291667   25.333333  9999.99  9999.99  999999.999999  999999.999999  999999.999999     0.999
 25.333333   25.375000  9999.99  9999.99  999999.999999  999999.999999  999999.999999     0.999
 25.375000   25.416667  9999.99  9999.99  999999.999999  999999.999999  999999.999999     0.999
 25.416667   25.458333  9999.99  9999.99  999999.999999  999999.999999  999999.999999     0.999
 25.458333   25.500000  9999.99  9999.99  999999.999999  999999.999999  999999.999999     0.999
 25.500000   25.541667  9999.99  9999.99  999999.999999  999999.999999  999999.999999     0.999
 25.541667   25.583333  9999.99  9999.99  999999.999999  999999.999999  999999.999999     0.999
 25.583333   25.625000  9999.99  9999.99  999999.999999  999999.999999  999999.999999     0.999
 25.625000   25.666667  9999.99  9999.99  999999.999999  999999.999999  999999.999999     0.999
 25.666667   25.708333  9999.99  9999.99  999999.999999  999999.999999  999999.999999     0.999
 25.708333   25.750000  9999.99  9999.99  999999.999999  999999.999999  999999.999999     0.999
 25.750000   25.791667  9999.99  9999.99  999999.999999  999999.999999  999999.999999     0.999
 25.791667   25.833333   542.86   302.47       0.469765      -0.264000       1.254000     0.000
 25.833333   25.875000   542.39   304.21       1.246385      -0.264000       3.366000     0.000
 25.875000   25.916667   542.11   305.54       2.407778       1.584000       3.300000     0.000
 25.916667   25.958333   541.85   306.43       1.106769       0.396000       1.584000     0.000
 25.958333   26.000000   541.90   307.12       0.643500       0.198000       1.188000     0.000
 26.000000   26.041667   542.07   307.63       0.442800      -0.000000       0.924000     0.000
 26.041667   26.083333   542.41   307.99       0.473880       0.000000       0.990000     0.000
 26.083333   26.125000   542.77   308.27       5.254407       0.726000       8.580000     0.000
 26.125000   26.166667   542.65   308.74       2.785962       0.990000       3.564000     0.000
 26.166667   26.208333   542.06   309.31       1.177759       0.726000       1.782000     0.000
 26.208333   26.250000   541.76   309.83       0.937424       0.528000       1.254000     0.000
 26.250000   26.291667   541.27   310.29       0.800556       0.330000       1.254000     0.000
 26.291667   26.333333   541.01   310.66       0.781000       0.264000       1.254000     0.000
 26.333333   26.375000   540.84   310.92       0.889822       0.330000       1.386000     0.000
 26.375000   26.416667   540.72   311.09       1.059356       0.594000       1.452000     0.000
 26.416667   26.458333   540.85   311.23       0.805200       0.330000       1.320000     0.000
 26.458333   26.500000   540.98   311.39       0.750610       0.264000       1.254000     0.000
 26.500000   26.541667   541.35   311.54       0.806542       0.462000       1.188000     0.000
 26.541667   26.583333   541.75   311.73       0.762235       0.132000       1.386000     0.000
 26.583333   26.625000   541.81   312.07       0.628800       0.066000       1.188000     0.000
 26.625000   26.666667   541.83   312.36       1.012393       0.264000       1.452000     0.000
 26.666667   26.708333   541.53   312.49       4.037001       0.858000       8.052000     0.000
 26.708333   26.750000   541.14   312.53       0.606692       0.198000       0.858000     0.000
 26.750000   26.791667   541.01   312.53       0.993474       0.396000       1.716000     0.000
 26.791667   26.833333   540.50   312.61       0.767412       0.264000       1.254000     0.000
 26.833333   26.875000   539.94   312.88       1.488000       0.858000       2.310000     0.000
 26.875000   26.916667   539.81   313.15       2.392500       1.518000       3.300000     0.000
 26.916667   26.958333   539.54   315.11       2.882595       0.990000       4.224000     0.000
 26.958333   27.000000   539.95   315.65       3.273319       2.046000       4.224000     0.000
 27.000000   27.041667   540.12   314.83       2.149231       1.320000       3.234000     0.000
 27.041667   27.083333   540.78   314.06       2.577771       1.452000       4.158000     0.000
 27.083333   27.125000   541.06   313.51       1.445400       0.660000       2.772000     0.000
 27.125000   27.166667  9999.99  9999.99  999999.999999  999999.999999  999999.999999     0.999
 27.166667   27.208333  9999.99  9999.99  999999.999999  999999.999999  999999.999999     0.999
 27.208333   27.250000  9999.99  9999.99  999999.999999  999999.999999  999999.999999     0.999
 27.250000   27.291667  9999.99  9999.99  999999.999999  999999.999999  999999.999999     0.999
 27.291667   27.333333  9999.99  9999.99  999999.999999  999999.999999  999999.999999     0.999
 27.333333   27.375000  9999.99  9999.99  999999.999999  999999.999999  999999.999999     0.999
 27.375000   27.416667  9999.99  9999.99  999999.999999  999999.999999  999999.999999     0.999
 27.416667   27.458333  9999.99  9999.99  999999.999999  999999.999999  999999.999999     0.999
 27.458333   27.500000  9999.99  9999.99  999999.999999  999999.999999  999999.999999     0.999
 27.500000   27.541667  9999.99  9999.99  999999.999999  999999.999999  999999.999999     0.999
 27.541667   27.583333  9999.99  9999.99  999999.999999  999999.999999  999999.999999     0.999
 27.583333   27.625000  9999.99  9999.99  999999.999999  999999.999999  999999.999999     0.999
 27.625000   27.666667   540.00   313.97       4.098828       1.782000       5.676000     0.000
 27.666667   27.708333  9999.99  9999.99  999999.999999  999999.999999  999999.999999     0.999
 27.708333   27.750000   539.63   313.73       1.158000       0.528000       1.782000     0.000
