data/MAAP/BO0001R.20160101000000.20161231000000.filter_absorption_photometer.aerosol_absorption_coefficient.pm10.1y.1h.BO01L_MAAP_5012_CHACALTAYA_BOLIVIA.NO01L_MAAP_5012.lev2.nas
76 1001
Andrade, Marcos; Zaratti, Francesco
BO01L, Universidad Mayor de San Andrés, UMSA-LAP, Laboratory for Atmospheric Physics, Campus Cota Cota calle 27, Endifico FCPN piso 3, 04680, La Paz, Bolivia
Velarde, Fernando
GAW-WDCA GUAN ACTRIS
1 1
2016 01 01   2017 03 01
0.041667
days from file reference point
7
1 1 1 1 1 1 1
9999.999999 9999.99 9999.99 999999.999999 999999.999999 999999.999999 9.999
end_time of measurement, days from the file reference point
pressure, hPa, Location=instrument internal, Matrix=instrument, Detection limit=, Detection limit expl.=, Measurement uncertainty=
temperature, K, Location=instrument internal, Matrix=instrument, Detection limit=, Detection limit expl.=, Measurement uncertainty=
aerosol_absorption_coefficient, 1/Mm, Wavelength=670.0 nm
aerosol_absorption_coefficient, 1/Mm, Wavelength=670.0 nm, Statistics=percentile:15.87
aerosol_absorption_coefficient, 1/Mm, Wavelength=670.0 nm, Statistics=percentile:84.13
numflag, no unit
0
55
Data definition:              EBAS_1.1
Set type code:                TU
Timezone:                     UTC
File name:                    BO0001R.20160101000000.20161231000000.filter_absorption_photometer.aerosol_absorption_coefficient.pm10.1y.1h.BO01L_MAAP_5012_CHACALTAYA_BOLIVIA.NO01L_MAAP_5012.lev2.nas
File creation:                20170127154610
Startdate:                    20160101000000
Revision date:                20170301000000
Version:                      1
Version description:          initial revision
Statistics:                   arithmetic mean
Data level:                   2
Period code:                  1y
Resolution code:              1h
Sample duration:              1h
Orig. time res.:              1mn
Station code:                 BO0001R
Platform code:                BO0001S
Station name:   	      Chacaltaya Station Atmospheric Monitoring Site	
Station latitude:             -16.35
Station longitude:            -68.13
Station altitude:             5240m
Measurement latitude:         -16.35
Measurement longitude:        -68.13
Measurement altitude:         5240m
Measurement height:           5.0m
Regime:                       
Component:                    aerosol_absorption_coefficient
Unit:                         1/Mm
Matrix:                       pm10
Instrument type:              filter_absorption_photometer
Laboratory code:              BO01L
Instrument name:              MAAP_5012_CHACALTAYA_BOLIVIA
Instrument manufacturer:      Thermo
Instrument model:             5012
Instrument serial number:     None
Method ref:                   NO01L_MAAP_5012
Standard method:              Single-angle_Correction=none
Inlet type:                   Whole Air
Inlet description:            Automatic heater dryer which is activated for Relative Humidity great than 90%, flow 162.00 l/min
Humidity/temperature control: None
Humidity/temperature control description: passive, sample heated from atmospheric to lab temperature
Volume std. temperature:      273.15K
Volume std. pressure:         1013.25hPa
Detection limit:              0.1 1/Mm
Detection limit expl.:        Determined by instrument noise characteristics, no detection limit flag used
Measurement uncertainty:      6.0 %
Measurement uncertainty expl.: typical value of unit-to-unit variability
Zero/negative values code:    Zero/negative possible
Zero/negative values:         Zero and neg. values may appear due to statistical variations at very low concentrations
Originator:                   Andrade, Marcos, mandrade@atmos.umd.edu, Laboratory for Atmospheric Physics, LAP, , Campus Cota Cota calle 27 FCPN Building piso 3, , 4680, La Paz, Bolivia
Originator:                   Zaratti, Francesco, fzaratti@umsa.bo, Laboratory for Atmospheric Physics, LAP, , Campus Cota Cota calle 27 FCPN Building piso 3, , 4680, La Paz, Bolivia
Submitter:                    Velarde, Fernando, fvelarde@chacaltaya.edu.bo, Laboratory for Atmospheric Physics, LAP, , Campus Cota Cota calle 27 FCPN Building piso 3, , 4680, La Paz, Bolivia
Acknowledgement:              Request acknowledgement details from data originator
Comment:                      None
start_time    end_time   p_int      T_int       abs670       abs670pc16     abs670pc84   numflag 
[from data line 1334]
 55.583333   55.625000   540.00   314.07       0.255200      -0.000000       0.660000     0.000
 55.625000   55.666667   539.92   314.18       0.068200      -0.132000       0.264000     0.000
 55.666667   55.708333   539.47   314.45       0.096800      -0.132000       0.396000     0.000
 55.708333   55.750000   538.96   314.75       0.039600      -0.000000       0.264000     0.000
 55.750000   55.791667   538.31   314.90      -0.022000      -0.198000       0.132000     0.000
 55.791667   55.833333   537.99   314.98       0.056100       0.000000       0.132000     0.000
 55.833333   55.875000   537.83   314.97       0.057200      -0.066000       0.198000     0.000
 55.875000   55.916667   537.51   314.86       0.051700      -0.198000       0.264000     0.000
 55.916667   55.958333   537.99   314.68      -0.001100      -0.264000       0.132000     0.000
 55.958333   56.000000   538.19   314.50       0.102300      -0.132000       0.330000     0.000
 56.000000   56.041667   538.74   314.18       0.165000      -0.132000       0.528000     0.000
 56.041667   56.083333   538.97   313.76       0.369600      -0.132000       1.056000     0.000
 56.083333   56.125000   539.06   313.35       0.962501       0.198000       1.914000     0.000
 56.125000   56.166667   539.05   313.03       0.490600       0.000000       0.924000     0.000
 56.166667   56.208333   538.81   312.76       0.283800      -0.066000       0.726000     0.000
 56.208333   56.250000   538.30   312.54       0.671000       0.066000       1.452000     0.000
 56.250000   56.291667   538.04   312.33       0.550000      -0.000000       1.122000     0.000
 56.291667   56.333333   537.69   312.13       0.404800       0.000000       0.792000     0.000
 56.333333   56.375000   537.44   311.92       0.299200      -0.000000       0.660000     0.000
 56.375000   56.416667   537.38   311.74       0.196900      -0.000000       0.528000     0.000
 56.416667   56.458333   537.75   311.58       0.077000      -0.264000       0.396000     0.000
 56.458333   56.500000   537.99   311.44       0.001100      -0.132000       0.132000     0.000
 56.500000   56.541667   538.18   311.56      -0.003300      -0.198000       0.198000     0.000
 56.541667   56.583333   538.66   311.89       0.146300      -0.066000       0.462000     0.000
 56.583333   56.625000   538.64   312.37       0.640200      -0.066000       1.386000     0.000
 56.625000   56.666667   538.30   312.90       0.489500      -0.000000       0.990000     0.000
 56.666667   56.708333   538.13   313.06       0.795300       0.264000       1.320000     0.000
 56.708333   56.750000   537.96   313.08       0.476300      -0.132000       0.924000     0.000
 56.750000   56.791667   537.57   313.00       1.551000       0.462000       2.772000     0.000
 56.791667   56.833333   537.21   312.98       2.622400       1.254000       3.960000     0.000
 56.833333   56.875000   537.10   312.95       1.656600       0.792000       2.574000     0.000
 56.875000   56.916667   537.07   312.80       2.300101       0.792000       3.894000     0.000
 56.916667   56.958333   537.20   312.68       0.330000       0.066000       0.594000     0.000
 56.958333   57.000000   537.73   312.56       0.584100       0.132000       1.122000     0.000
 57.000000   57.041667   538.13   312.29       0.585200       0.198000       0.990000     0.000
 57.041667   57.083333   538.81   311.89       0.524700       0.066000       1.122000     0.000
 57.083333   57.125000   539.12   311.50       0.304700      -0.000000       0.726000     0.000
 57.125000   57.166667   539.18   311.16       0.283800       0.000000       0.594000     0.000
 57.166667   57.208333   539.06   310.87       0.408100       0.000000       0.858000     0.000
 57.208333   57.250000   538.91   310.59       0.358600       0.000000       0.792000     0.000
 57.250000   57.291667   538.42   310.28       0.518100       0.066000       0.990000     0.000
 57.291667   57.333333   537.98   310.00       0.438900       0.066000       0.924000     0.000
 57.333333   57.375000   537.99   309.75       0.451000       0.066000       0.858000     0.000
 57.375000   57.416667   538.19   309.51       0.595100       0.132000       1.056000     0.000
 57.416667   57.458333   538.52   309.33       0.497200       0.066000       0.924000     0.000
 57.458333   57.500000   538.96   309.28       0.272800      -0.000000       0.594000     0.000
 57.500000   57.541667   539.25   309.50       0.565400       0.066000       1.056000     0.000
 57.541667   57.583333   539.52   309.99       0.390500      -0.396000       1.122000     0.000
 57.583333   57.625000   539.65   310.60       0.654500       0.198000       1.254000     0.000
 57.625000   57.666667   539.43   311.10       0.774400       0.330000       1.320000     0.000
 57.666667   57.708333   539.10   311.54       0.228800      -0.330000       0.726000     0.000
 57.708333   57.750000   538.89   311.96       0.498300       0.132000       0.990000     0.000
 57.750000   57.791667   538.56   312.25       4.268000       0.330000      11.616000     0.000
 57.791667   57.833333   538.16   312.47       6.145700       4.158000       7.524000     0.000
 57.833333   57.875000   538.06   312.55       2.608678       1.584000       3.696000     0.000
 57.875000   57.916667   537.97   312.63       1.215500       0.726000       1.650000     0.000
 57.916667   57.958333   538.13   312.68       1.520200       1.122000       1.914000     0.000
 57.958333   58.000000   538.54   312.63       1.269400       0.792000       1.716000     0.000
 58.000000   58.041667   538.95   312.36       1.424500       0.924000       1.782000     0.000
 58.041667   58.083333   539.16   311.92       3.295600       1.980000       4.224000     0.000
 58.083333   58.125000   539.67   311.51       2.719200       1.782000       3.894000     0.000
 58.125000   58.166667   539.73   311.14       1.794101       1.188000       2.376000     0.000
 58.166667   58.208333   539.41   310.83       1.598300       0.792000       2.442000     0.000
 58.208333   58.250000   539.11   310.54       2.042700       1.386000       2.574000     0.000
 58.250000   58.291667   539.00   310.30       0.826100       0.462000       1.320000     0.000
 58.291667   58.333333   538.89   310.10       0.708400       0.330000       1.188000     0.000
 58.333333   58.375000   538.87   309.93       0.355300       0.066000       0.660000     0.000
 58.375000   58.416667   539.04   309.78       0.297000       0.000000       0.660000     0.000
 58.416667   58.458333   539.43   309.62       0.249700       0.000000       0.462000     0.000
 58.458333   58.500000   539.95   309.54       0.245300       0.000000       0.462000     0.000
 58.500000   58.541667   540.52   309.74       0.227700      -0.132000       0.594000     0.000
 58.541667   58.583333   540.88   310.22       0.388300       0.000000       0.858000     0.000
 58.583333   58.625000   540.94   310.77       0.423500      -0.066000       1.122000     0.000
 58.625000   58.666667   540.87   311.22       0.596200       0.198000       1.254000     0.000
 58.666667   58.708333   540.44   311.79       0.321200      -0.198000       0.858000     0.000
 58.708333   58.750000   539.99   312.36       1.893100       0.924000       2.970000     0.000
 58.750000   58.791667   539.52   312.79       2.615801       1.980000       3.564000     0.000
 58.791667   58.833333   539.13   313.29       1.235300       0.594000       1.848000     0.000
 58.833333   58.875000   539.05   313.76       0.907500       0.462000       1.386000     0.000
 58.875000   58.916667   539.07   313.99       0.913000       0.396000       1.518000     0.000
 58.916667   58.958333   539.24   314.12       0.632500       0.264000       0.990000     0.000
 58.958333   59.000000   540.00   314.13       0.598400       0.198000       0.990000     0.000
 59.000000   59.041667   540.29   313.90       0.499400       0.132000       0.924000     0.000
 59.041667   59.083333   541.02   313.45       0.336600      -0.066000       0.660000     0.000
 59.083333   59.125000   541.44   312.98       0.324407       0.000000       0.792000     0.000
 59.125000   59.166667   541.53   312.58       0.370965       0.000000       0.792000     0.000
 59.166667   59.208333   541.05   312.25       0.251900      -0.000000       0.396000     0.000
 59.208333   59.250000   540.58   312.00       0.267300       0.000000       0.462000     0.000
 59.250000   59.291667   540.00   311.78       0.283800       0.000000       0.528000     0.000
 59.291667   59.333333   539.89   311.56       0.267356       0.000000       0.528000     0.000
 59.333333   59.375000   539.88   311.35       0.375864       0.066000       0.660000     0.000
 59.375000   59.416667   540.02   311.14       0.402947       0.066000       0.792000     0.000
 59.416667   59.458333   540.18   310.97       0.357966       0.066000       0.726000     0.000
 59.458333   59.500000   540.65   310.86       0.262881      -0.000000       0.528000     0.000
 59.500000   59.541667   540.97   310.94       0.372900       0.000000       0.726000     0.000
 59.541667   59.583333   541.39   311.03       0.508655      -0.066000       1.254000     0.000
 59.583333   59.625000   541.60   310.95       3.875300       0.924000       6.666000     0.000
 59.625000   59.666667   541.49   310.93       9.620399       6.402000      11.747999     0.000
 59.666667   59.708333   541.12   310.87      10.258471       8.646000      11.879999     0.000
 59.708333   59.750000   540.90   310.64       5.459794       3.894000       7.392000     0.000
 59.750000   59.791667   540.51   310.33       2.342441       0.792000       3.564000     0.000
 59.791667   59.833333   540.12   310.00       0.503800       0.132000       0.858000     0.000
 59.833333   59.875000   540.10   309.94       0.352373       0.066000       0.594000     0.000
 59.875000   59.916667   539.97   310.17       0.469700       0.132000       0.792000     0.000
 59.916667   59.958333   540.07   310.51       0.484373       0.132000       0.858000     0.000
 59.958333   60.000000   540.70   310.58       0.214210       0.000000       0.462000     0.000
 60.000000   60.041667   541.04   310.29       0.310655       0.000000       0.726000     0.000
 60.041667   60.083333   541.31   309.91       0.205966      -0.066000       0.462000     0.000
 60.083333   60.125000   541.64   309.53       0.179474       0.000000       0.330000     0.000
 60.125000   60.166667   541.51   309.22       0.105600      -0.132000       0.396000     0.000
 60.166667   60.208333   541.10   309.16       0.114000      -0.000000       0.264000     0.000
 60.208333   60.250000   540.95   309.26      -0.007021      -0.066000       0.066000     0.000
 60.250000   60.291667   540.76   309.32       0.005077      -0.264000       0.396000     0.000
 60.291667   60.333333   540.59   309.31       0.037125      -0.462000       0.462000     0.000
 60.333333   60.375000   540.53   309.26       0.128118      -0.132000       0.396000     0.000
 60.375000   60.416667   540.71   309.21       0.075600       0.000000       0.264000     0.000
 60.416667   60.458333   540.98   309.14       0.043585      -0.066000       0.132000     0.000
 60.458333   60.500000   541.50   309.07       0.227464      -0.066000       0.528000     0.000
 60.500000   60.541667   541.98   309.05       0.130881      -0.132000       0.462000     0.000
 60.541667   60.583333   542.17   309.13       0.108900      -0.198000       0.462000     0.000
 60.583333   60.625000   542.10   309.52       0.203500      -0.132000       0.594000     0.000
 60.625000   60.666667   541.94   310.09       0.210100      -0.396000       0.660000     0.000
 60.666667   60.708333   541.80   310.48       1.562000       0.396000       2.772000     0.000
 60.708333   60.750000   541.22   310.74       2.561778       1.320000       4.224000     0.000
 60.750000   60.791667   540.88   310.94       2.081200       1.452000       2.838000     0.000
 60.791667   60.833333   540.62   311.10       2.346300       1.518000       2.970000     0.000
 60.833333   60.875000   540.26   311.45       1.629101       0.858000       2.442000     0.000
 60.875000   60.916667   540.14   311.97       1.957607       0.858000       2.904000     0.000
 60.916667   60.958333   540.55   312.40       1.434400       0.528000       2.310000     0.000
 60.958333   61.000000   540.92   312.66       0.393763      -0.066000       0.924000     0.000
 61.000000   61.041667   540.95   312.61       0.436700      -0.000000       0.924000     0.000
 61.041667   61.083333   541.17   312.42       0.309100       0.000000       0.660000     0.000
 61.083333   61.125000   541.57   312.19       0.294800       0.000000       0.594000     0.000
 61.125000   61.166667   541.47   312.00       0.316800       0.000000       0.660000     0.000
 61.166667   61.208333   541.10   311.98       0.218900      -0.264000       0.660000     0.000
 61.208333   61.250000   540.79   312.10       0.524700       0.198000       0.924000     0.000
 61.250000   61.291667   540.22   312.26       0.507100       0.066000       0.924000     0.000
 61.291667   61.333333   540.05   312.42       0.356400       0.000000       0.924000     0.000
 61.333333   61.375000   540.17   312.56       0.354200       0.132000       0.528000     0.000
 61.375000   61.416667   540.16   312.67       0.317900       0.000000       0.726000     0.000
 61.416667   61.458333   540.63   312.76       0.521400       0.132000       0.792000     0.000
 61.458333   61.500000   540.95   312.84       0.853448       0.264000       1.320000     0.000
 61.500000   61.541667   541.11   312.95       0.790900       0.264000       1.254000     0.000
 61.541667   61.583333   541.75   313.14       0.578600       0.132000       1.122000     0.000
 61.583333   61.625000   541.65   313.41       0.108900      -0.066000       0.462000     0.000
 61.625000   61.666667   541.35   313.74       0.041800      -0.264000       0.396000     0.000
 61.666667   61.708333   541.04   314.02       0.762300       0.198000       1.386000     0.000
 61.708333   61.750000   540.91   314.08       1.338700       0.660000       2.112000     0.000
 61.750000   61.791667   540.74   314.03       1.225400       0.462000       1.782000     0.000
 61.791667   61.833333   540.23   314.00       1.131900       0.660000       1.650000     0.000
 61.833333   61.875000   540.11   314.05       0.658900       0.066000       1.254000     0.000
 61.875000   61.916667   540.02   314.18       0.687500       0.264000       1.188000     0.000
 61.916667   61.958333   540.39   314.21       1.747900       0.396000       3.432000     0.000
 61.958333   62.000000   541.08   314.01       3.483458       2.574000       4.224000     0.000
 62.000000   62.041667   541.48   313.72       3.875300       1.716000       5.082000     0.000
 62.041667   62.083333   541.95   313.39       4.206400       3.234000       5.214000     0.000
 62.083333   62.125000   542.02   313.12       1.565301       0.330000       2.904000     0.000
 62.125000   62.166667   541.88   312.87       0.514800       0.132000       0.924000     0.000
 62.166667   62.208333   541.54   312.73       0.559900       0.132000       0.792000     0.000
 62.208333   62.250000   541.04   312.77       0.333300      -0.132000       0.792000     0.000
 62.250000   62.291667   540.44   312.84       0.532400       0.198000       0.858000     0.000
 62.291667   62.333333   540.02   312.88       0.476300       0.132000       0.792000     0.000
 62.333333   62.375000   539.93   312.87       0.308000       0.066000       0.528000     0.000
 62.375000   62.416667   540.02   312.86       0.262900       0.066000       0.528000     0.000
 62.416667   62.458333   540.21   312.86       0.279400       0.066000       0.462000     0.000
 62.458333   62.500000   540.80   312.88       0.434500       0.132000       0.792000     0.000
