data/MAAP/BO0001R.20130101000000.20131231000000.filter_absorption_photometer.aerosol_absorption_coefficient.pm10.1y.1h.BO01L_MAAP_5012_CHACALTAYA_BOLIVIA.NO01L_MAAP_5012.lev2.nas
76 1001
Andrade, Marcos; Zaratti, Francesco
BO01L, Universidad Mayor de San Andrés, UMSA-LAP, Laboratory for Atmospheric Physics, Campus Cota Cota calle 27, Endifico FCPN piso 3, 04680, La Paz, Bolivia
Velarde, Fernando
GAW-WDCA GUAN ACTRIS
1 1
2013 01 01   2014 03 01
0.041667
days from file reference point
7
1 1 1 1 1 1 1
9999.999999 9999.99 9999.99 999999.999999 999999.999999 999999.999999 9.999
end_time of measurement, days from the file reference point
pressure, hPa, Location=instrument internal, Matrix=instrument, Detection limit=, Detection limit expl.=, Measurement uncertainty=
temperature, K, Location=instrument internal, Matrix=instrument, Detection limit=, Detection limit expl.=, Measurement uncertainty=
aerosol_absorption_coefficient, 1/Mm, Wavelength=670.0 nm
aerosol_absorption_coefficient, 1/Mm, Wavelength=670.0 nm, Statistics=percentile:15.87
aerosol_absorption_coefficient, 1/Mm, Wavelength=670.0 nm, Statistics=percentile:84.13
numflag, no unit
0
55
Data definition:              EBAS_1.1
Set type code:                TU
Timezone:                     UTC
File name:                    BO0001R.20130101000000.20131231000000.filter_absorption_photometer.aerosol_absorption_coefficient.pm10.1y.1h.BO01L_MAAP_5012_CHACALTAYA_BOLIVIA.NO01L_MAAP_5012.lev2.nas
File creation:                20160520145946
Startdate:                    20130101000000
Revision date:                20140301000000
Version:                      1
Version description:          initial revision
Statistics:                   arithmetic mean
Data level:                   2
Period code:                  1y
Resolution code:              1h
Sample duration:              1h
Orig. time res.:              1mn
Station code:                 BO0001R
Platform code:                BO0001S
Station name:   	      Chacaltaya Station Atmospheric Monitoring Site	
Station latitude:             -16.35
Station longitude:            -68.13
Station altitude:             5240m
Measurement latitude:         -16.35
Measurement longitude:        -68.13
Measurement altitude:         5240m
Measurement height:           5.0m
Regime:                       
Component:                    aerosol_absorption_coefficient
Unit:                         1/Mm
Matrix:                       pm10
Instrument type:              filter_absorption_photometer
Laboratory code:              BO01L
Instrument name:              MAAP_5012_CHACALTAYA_BOLIVIA
Instrument manufacturer:      Thermo
Instrument model:             5012
Instrument serial number:     None
Method ref:                   NO01L_MAAP_5012
Standard method:              Single-angle_Correction=none
Inlet type:                   Whole-air inlet
Inlet description:            Automatic heater dryer which is activated for Relative Humidity great than 90%, flow 162.00 l/min
Humidity/temperature control: None
Humidity/temperature control description: passive, sample heated from atmospheric to lab temperature
Volume std. temperature:      273.15K
Volume std. pressure:         1013.25hPa
Detection limit:              0.1 1/Mm
Detection limit expl.:        Determined by instrument noise characteristics, no detection limit flag used
Measurement uncertainty:      6.0 %
Measurement uncertainty expl.: typical value of unit-to-unit variability
Zero/negative values code:    Zero/negative possible
Zero/negative values:         Zero and neg. values may appear due to statistical variations at very low concentrations
Originator:                   Andrade, Marcos, mandrade@atmos.umd.edu, Laboratory for Atmospheric Physics, LAP, , Campus Cota Cota calle 27 FCPN Building piso 3, , 4680, La Paz, Bolivia
Originator:                   Zaratti, Francesco, fzaratti@umsa.bo, Laboratory for Atmospheric Physics, LAP, , Campus Cota Cota calle 27 FCPN Building piso 3, , 4680, La Paz, Bolivia
Submitter:                    Velarde, Fernando, fvelarde@chacaltaya.edu.bo, Laboratory for Atmospheric Physics, LAP, , Campus Cota Cota calle 27 FCPN Building piso 3, , 4680, La Paz, Bolivia
Acknowledgement:              Request acknowledgement details from data originator
Comment:                      None
start_time    end_time   p_int      T_int       abs670       abs670pc16     abs670pc84   numflag 
[from data line 1501]
 62.541667   62.583333   541.10    27.90       0.035829      -0.066000       0.264000     0.000
 62.583333   62.625000   541.24    28.17      -0.112047      -0.528000       0.198000     0.000
 62.625000   62.666667   541.15    28.51       0.214851       0.000000       0.660000     0.000
 62.666667   62.708333   540.84    28.90       1.654000       0.528000       2.706000     0.000
 62.708333   62.750000  9999.99  9999.99  999999.999999  999999.999999  999999.999999     0.999
 62.750000   62.791667  9999.99  9999.99  999999.999999  999999.999999  999999.999999     0.999
 62.791667   62.833333  9999.99  9999.99  999999.999999  999999.999999  999999.999999     0.999
 62.833333   62.875000  9999.99  9999.99  999999.999999  999999.999999  999999.999999     0.999
 62.875000   62.916667  9999.99  9999.99  999999.999999  999999.999999  999999.999999     0.999
 62.916667   62.958333  9999.99  9999.99  999999.999999  999999.999999  999999.999999     0.999
 62.958333   63.000000  9999.99  9999.99  999999.999999  999999.999999  999999.999999     0.999
 63.000000   63.041667  9999.99  9999.99  999999.999999  999999.999999  999999.999999     0.999
 63.041667   63.083333   540.04    30.48       0.626057       0.330000       0.990000     0.000
 63.083333   63.125000   540.03    30.25       0.230057      -0.066000       0.660000     0.000
 63.125000   63.166667   539.96    30.04      -0.011647      -0.198000       0.264000     0.000
 63.166667   63.208333   539.60    29.83       0.035063      -0.198000       0.264000     0.000
 63.208333   63.250000   539.23    29.69       0.122833      -0.066000       0.330000     0.000
 63.250000   63.291667   538.97    29.56       0.050471      -0.198000       0.396000     0.000
 63.291667   63.333333   538.58    29.41       0.114529      -0.000000       0.330000     0.000
 63.333333   63.375000   538.66    29.29      -0.005657      -0.132000       0.132000     0.000
 63.375000   63.416667   538.89    29.18       0.127171      -0.132000       0.462000     0.000
 63.416667   63.458333   538.89    29.08      -0.000000      -0.066000       0.066000     0.000
 63.458333   63.500000   539.53    29.02       0.010154      -0.132000       0.198000     0.000
 63.500000   63.541667   540.14    29.09       0.027500      -0.132000       0.198000     0.000
 63.541667   63.583333   540.68    29.25      -0.006600      -0.198000       0.264000     0.000
 63.583333   63.625000   540.69    29.52       0.090200      -0.132000       0.462000     0.000
 63.625000   63.666667   540.44    29.78       3.583345       1.188000       5.478000     0.000
 63.666667   63.708333   540.08    29.91       6.710000       4.158000       8.646000     0.000
 63.708333   63.750000   539.62    30.00       3.359231       0.990000       5.874000     0.000
 63.750000   63.791667   539.00    30.21       0.076500      -0.198000       0.396000     0.000
 63.791667   63.833333   538.59    30.35       1.202348       0.198000       2.112000     0.000
 63.833333   63.875000   538.15    30.44       0.456500      -0.198000       1.386000     0.000
 63.875000   63.916667   538.06    30.48       0.228130      -0.066000       0.528000     0.000
 63.916667   63.958333   538.44    30.52       0.310588       0.066000       0.594000     0.000
 63.958333   64.000000   538.93    30.43       0.397404      -0.000000       0.924000     0.000
 64.000000   64.041667   539.32    30.26       0.819789       0.264000       1.254000     0.000
 64.041667   64.083333   539.84    30.08       1.103385       0.528000       1.848000     0.000
 64.083333   64.125000   540.01    29.93       1.305333       0.528000       2.046000     0.000
 64.125000   64.166667   539.90    29.83       1.137400      -0.000000       2.508000     0.000
 64.166667   64.208333   539.39    29.74       1.944643       0.924000       3.630000     0.000
 64.208333   64.250000   539.14    29.67       2.716154       1.848000       3.894000     0.000
 64.250000   64.291667   539.04    29.60       1.852552       1.188000       2.904000     0.000
 64.291667   64.333333   538.56    29.53       0.816973       0.264000       1.452000     0.000
 64.333333   64.375000   538.22    29.46       0.491586       0.066000       1.056000     0.000
 64.375000   64.416667   538.47    29.34       0.182368       0.000000       0.462000     0.000
 64.416667   64.458333   538.73    29.21       0.162000      -0.066000       0.396000     0.000
 64.458333   64.500000   539.06    29.11       0.047143      -0.000000       0.198000     0.000
 64.500000   64.541667   539.74    29.11       0.293586      -0.000000       0.660000     0.000
 64.541667   64.583333   540.02    29.25       0.938850       0.396000       1.518000     0.000
 64.583333   64.625000   540.07    29.48       1.447050       0.726000       2.178000     0.000
 64.625000   64.666667   540.04    29.70       1.777742       1.122000       2.508000     0.000
 64.666667   64.708333  9999.99  9999.99  999999.999999  999999.999999  999999.999999     0.999
 64.708333   64.750000   539.08    29.94       0.998462       0.462000       1.650000     0.000
 64.750000   64.791667   538.76    29.98       0.815692       0.396000       1.320000     0.000
 64.791667   64.833333   538.17    30.11       0.704000       0.198000       1.188000     0.000
 64.833333   64.875000  9999.99  9999.99  999999.999999  999999.999999  999999.999999     0.999
 64.875000   64.916667  9999.99  9999.99  999999.999999  999999.999999  999999.999999     0.999
 64.916667   64.958333  9999.99  9999.99  999999.999999  999999.999999  999999.999999     0.999
 64.958333   65.000000  9999.99  9999.99  999999.999999  999999.999999  999999.999999     0.999
 65.000000   65.041667  9999.99  9999.99  999999.999999  999999.999999  999999.999999     0.999
 65.041667   65.083333  9999.99  9999.99  999999.999999  999999.999999  999999.999999     0.999
 65.083333   65.125000  9999.99  9999.99  999999.999999  999999.999999  999999.999999     0.999
 65.125000   65.166667  9999.99  9999.99  999999.999999  999999.999999  999999.999999     0.999
 65.166667   65.208333  9999.99  9999.99  999999.999999  999999.999999  999999.999999     0.999
 65.208333   65.250000  9999.99  9999.99  999999.999999  999999.999999  999999.999999     0.999
 65.250000   65.291667  9999.99  9999.99  999999.999999  999999.999999  999999.999999     0.999
 65.291667   65.333333   538.65    29.78       0.391875       0.066000       0.924000     0.000
 65.333333   65.375000   538.42    29.66       0.369600       0.066000       0.858000     0.000
 65.375000   65.416667   538.67    29.52       0.855800       0.330000       1.650000     0.000
 65.416667   65.458333   538.69    29.42       0.268950       0.000000       0.726000     0.000
 65.458333   65.500000   538.90    29.33       0.649000      -0.000000       1.188000     0.000
 65.500000   65.541667   539.37    29.31       0.387200      -0.132000       1.122000     0.000
 65.541667   65.583333   539.89    29.29       0.165000      -0.132000       0.528000     0.000
 65.583333   65.625000   539.94    29.18       0.068200      -0.132000       0.330000     0.000
 65.625000   65.666667   539.89    29.30       0.096203      -0.066000       0.462000     0.000
 65.666667   65.708333   539.41    29.71      -0.001100      -0.330000       0.330000     0.000
 65.708333   65.750000   539.22    30.00       0.028600      -0.396000       0.528000     0.000
 65.750000   65.791667   538.98    30.13       0.070400      -0.132000       0.264000     0.000
 65.791667   65.833333   538.47    30.39      -0.060500      -0.462000       0.330000     0.000
 65.833333   65.875000   538.23    30.74      -0.051700      -0.462000       0.330000     0.000
 65.875000   65.916667   538.31    31.08       0.034100      -0.264000       0.330000     0.000
 65.916667   65.958333   538.71    31.19       0.020136       0.000000       0.066000     0.000
 65.958333   66.000000   539.06    30.94       0.427132      -0.066000       1.254000     0.000
 66.000000   66.041667   539.65    30.58       0.017069      -0.132000       0.264000     0.000
 66.041667   66.083333   539.92    30.29       0.007700      -0.330000       0.198000     0.000
 66.083333   66.125000   540.17    30.06       0.101200      -0.132000       0.396000     0.000
 66.125000   66.166667   540.31    29.86      -0.001500      -0.198000       0.264000     0.000
 66.166667   66.208333   540.19    29.65       0.017286      -0.198000       0.198000     0.000
 66.208333   66.250000   539.95    29.45       0.075830      -0.198000       0.396000     0.000
 66.250000   66.291667   539.64    29.25       0.061787      -0.132000       0.198000     0.000
 66.291667   66.333333   539.17    29.06       0.032267      -0.198000       0.396000     0.000
 66.333333   66.375000   539.15    28.90       0.060824      -0.132000       0.264000     0.000
 66.375000   66.416667   539.65    28.76      -0.025080      -0.132000       0.066000     0.000
 66.416667   66.458333   539.95    28.63       0.105849      -0.066000       0.462000     0.000
 66.458333   66.500000   540.40    28.53       0.004213       0.000000       0.000000     0.000
 66.500000   66.541667   540.92    28.51       0.073831      -0.132000       0.264000     0.000
 66.541667   66.583333   541.15    28.57       0.091300      -0.066000       0.264000     0.000
 66.583333   66.625000   541.32    28.73       0.023100      -0.330000       0.396000     0.000
 66.625000   66.666667   541.11    28.78       0.063800      -0.066000       0.198000     0.000
 66.666667   66.708333   540.89    28.79       0.028600       0.000000       0.132000     0.000
 66.708333   66.750000   540.30    28.77       0.067100      -0.132000       0.330000     0.000
 66.750000   66.791667   539.84    28.81       0.061600      -0.066000       0.264000     0.000
 66.791667   66.833333   539.13    28.96      -0.015400      -0.264000       0.264000     0.000
 66.833333   66.875000   538.88    29.18       0.006600      -0.132000       0.264000     0.000
 66.875000   66.916667   538.53    29.43      -0.014300      -0.198000       0.264000     0.000
 66.916667   66.958333   538.82    29.63      -0.023100      -0.132000       0.198000     0.000
 66.958333   67.000000   539.12    29.76       0.005500      -0.528000       0.528000     0.000
 67.000000   67.041667   539.66    29.77       0.066000      -0.396000       0.594000     0.000
 67.041667   67.083333   540.08    29.74       0.510400       0.000000       1.518000     0.000
 67.083333   67.125000   540.24    29.66      -0.009900      -0.066000       0.066000     0.000
 67.125000   67.166667   540.21    29.58       0.067100      -0.066000       0.198000     0.000
 67.166667   67.208333   540.03    29.48       0.152900      -0.066000       0.594000     0.000
 67.208333   67.250000   539.85    29.39       0.227700       0.000000       0.462000     0.000
 67.250000   67.291667   539.36    29.31       0.298100      -0.000000       0.660000     0.000
 67.291667   67.333333   539.07    29.21       0.257400      -0.000000       0.528000     0.000
 67.333333   67.375000   538.97    29.11       0.423500       0.000000       0.858000     0.000
 67.375000   67.416667   539.04    29.01       0.342100       0.000000       0.792000     0.000
 67.416667   67.458333   539.26    28.91       0.273900       0.000000       0.594000     0.000
 67.458333   67.500000   539.85    28.84       0.310200       0.066000       0.528000     0.000
 67.500000   67.541667   540.48    28.85       0.271700       0.000000       0.594000     0.000
 67.541667   67.583333   540.91    29.02       1.134100       0.066000       3.366000     0.000
 67.583333   67.625000   540.84    29.35       7.025085       4.554000      10.691999     0.000
 67.625000   67.666667   540.70    29.55       8.992211       6.864000      11.087999     0.000
 67.666667   67.708333   540.16    29.66       0.834900       0.066000       1.980000     0.000
 67.708333   67.750000   539.94    29.78       0.208421       0.000000       0.396000     0.000
 67.750000   67.791667   539.42    29.88       0.323288      -0.198000       0.858000     0.000
 67.791667   67.833333   538.97    30.08       0.678700       0.132000       1.188000     0.000
 67.833333   67.875000   538.43    30.35       0.559862       0.198000       1.056000     0.000
 67.875000   67.916667   538.24    30.46       1.226893       0.528000       1.848000     0.000
 67.916667   67.958333   538.66    30.37       1.316645       0.792000       1.914000     0.000
 67.958333   68.000000   539.02    30.18       1.659900       0.726000       2.904000     0.000
 68.000000   68.041667   539.57    29.96       2.433201       1.320000       3.432000     0.000
 68.041667   68.083333   539.98    29.76       1.266101       0.396000       2.508000     0.000
 68.083333   68.125000   540.11    29.60       0.681254       0.264000       1.122000     0.000
 68.125000   68.166667   540.06    29.46       0.850300       0.198000       1.584000     0.000
 68.166667   68.208333   539.89    29.34       0.830500       0.396000       1.188000     0.000
 68.208333   68.250000   539.48    29.25       1.783610       1.056000       2.442000     0.000
 68.250000   68.291667   539.03    29.15       1.755600       1.122000       2.310000     0.000
 68.291667   68.333333   538.79    29.06       0.863593       0.396000       1.518000     0.000
 68.333333   68.375000   538.73    28.96       0.585200       0.198000       0.924000     0.000
 68.375000   68.416667   538.89    28.88       0.632500       0.264000       1.188000     0.000
 68.416667   68.458333   539.03    28.78       0.600600       0.264000       0.990000     0.000
 68.458333   68.500000   539.27    28.70       0.739655       0.198000       1.386000     0.000
 68.500000   68.541667   539.88    28.67       1.158511       0.660000       1.650000     0.000
 68.541667   68.583333   540.06    28.76       1.536857       0.990000       2.112000     0.000
 68.583333   68.625000   540.12    28.94       1.381111       0.858000       2.046000     0.000
 68.625000   68.666667   540.05    29.13       0.774400       0.000000       1.980000     0.000
 68.666667   68.708333   539.86    29.38       0.195800      -0.000000       0.594000     0.000
 68.708333   68.750000   539.21    29.50       0.177100       0.000000       0.330000     0.000
 68.750000   68.791667   538.81    29.51       0.176000       0.000000       0.396000     0.000
 68.791667   68.833333   538.13    29.66       0.383900      -0.264000       0.858000     0.000
 68.833333   68.875000   537.82    29.99       0.679800       0.066000       1.386000     0.000
 68.875000   68.916667   537.62    30.34       0.469700       0.066000       1.056000     0.000
 68.916667   68.958333   537.92    30.46       0.272800      -0.132000       0.726000     0.000
 68.958333   69.000000   538.24    30.33       0.521400       0.132000       0.990000     0.000
 69.000000   69.041667   538.89    30.11       0.786500       0.396000       1.320000     0.000
 69.041667   69.083333   539.31    29.87       2.231900       1.188000       3.366000     0.000
 69.083333   69.125000   539.64    29.63       0.853600       0.264000       1.452000     0.000
 69.125000   69.166667   539.09    29.44       0.513700       0.132000       0.924000     0.000
 69.166667   69.208333   538.54    29.27       0.434500       0.066000       0.858000     0.000
 69.208333   69.250000   538.07    29.10       0.381700       0.132000       0.726000     0.000
 69.250000   69.291667   537.90    28.94       0.425700       0.066000       0.858000     0.000
 69.291667   69.333333   537.66    28.77       0.520300       0.132000       0.990000     0.000
 69.333333   69.375000   537.46    28.61       0.537900       0.132000       0.990000     0.000
 69.375000   69.416667   537.53    28.49       0.291500       0.000000       0.594000     0.000
