data/MAAP/BO0001R.20120101000000.20121231000000.filter_absorption_photometer.aerosol_absorption_coefficient.pm10.1y.1h.BO01L_MAAP_5012_CHACALTAYA_BOLIVIA.NO01L_MAAP_5012.lev2.nas
76 1001
Andrade, Marcos; Zaratti, Francesco
BO01L, Universidad Mayor de San Andrés, UMSA-LAP, Laboratory for Atmospheric Physics, Campus Cota Cota calle 27, Endifico FCPN piso 3, 04680, La Paz, Bolivia
Velarde, Fernando
GAW-WDCA GUAN ACTRIS
1 1
2012 01 01   2013 03 01
0.041667
days from file reference point
7
1 1 1 1 1 1 1
9999.999999 9999.99 9999.99 999999.999999 999999.999999 999999.999999 9.999
end_time of measurement, days from the file reference point
pressure, hPa, Location=instrument internal, Matrix=instrument, Detection limit=, Detection limit expl.=, Measurement uncertainty=
temperature, K, Location=instrument internal, Matrix=instrument, Detection limit=, Detection limit expl.=, Measurement uncertainty=
aerosol_absorption_coefficient, 1/Mm, Wavelength=670.0 nm
aerosol_absorption_coefficient, 1/Mm, Wavelength=670.0 nm, Statistics=percentile:15.87
aerosol_absorption_coefficient, 1/Mm, Wavelength=670.0 nm, Statistics=percentile:84.13
numflag, no unit
0
55
Data definition:              EBAS_1.1
Set type code:                TU
Timezone:                     UTC
File name:                    BO0001R.20120101000000.20121231000000.filter_absorption_photometer.aerosol_absorption_coefficient.pm10.1y.1h.BO01L_MAAP_5012_CHACALTAYA_BOLIVIA.NO01L_MAAP_5012.lev2.nas
File creation:                20160520144914
Startdate:                    20120101000000
Revision date:                20130301000000
Version:                      1
Version description:          initial revision
Statistics:                   arithmetic mean
Data level:                   2
Period code:                  1y
Resolution code:              1h
Sample duration:              1h
Orig. time res.:              1mn
Station code:                 BO0001R
Platform code:                BO0001S
Station name:   	      Chacaltaya Station Atmospheric Monitoring Site	
Station latitude:             -16.35
Station longitude:            -68.13
Station altitude:             5240m
Measurement latitude:         -16.35
Measurement longitude:        -68.13
Measurement altitude:         5240m
Measurement height:           5.0m
Regime:                       
Component:                    aerosol_absorption_coefficient
Unit:                         1/Mm
Matrix:                       pm10
Instrument type:              filter_absorption_photometer
Laboratory code:              BO01L
Instrument name:              MAAP_5012_CHACALTAYA_BOLIVIA
Instrument manufacturer:      Thermo
Instrument model:             5012
Instrument serial number:     None
Method ref:                   NO01L_MAAP_5012
Standard method:              Single-angle_Correction=none
Inlet type:                   Whole-air inlet
Inlet description:            Automatic heater dryer which is activated for Relative Humidity great than 90%, flow 162.00 l/min
Humidity/temperature control: None
Humidity/temperature control description: passive, sample heated from atmospheric to lab temperature
Volume std. temperature:      273.15K
Volume std. pressure:         1013.25hPa
Detection limit:              0.1 1/Mm
Detection limit expl.:        Determined by instrument noise characteristics, no detection limit flag used
Measurement uncertainty:      6.0 %
Measurement uncertainty expl.: typical value of unit-to-unit variability
Zero/negative values code:    Zero/negative possible
Zero/negative values:         Zero and neg. values may appear due to statistical variations at very low concentrations
Originator:                   Andrade, Marcos, mandrade@atmos.umd.edu, Laboratory for Atmospheric Physics, LAP, , Campus Cota Cota calle 27 FCPN Building piso 3, , 4680, La Paz, Bolivia
Originator:                   Zaratti, Francesco, fzaratti@umsa.bo, Laboratory for Atmospheric Physics, LAP, , Campus Cota Cota calle 27 FCPN Building piso 3, , 4680, La Paz, Bolivia
Submitter:                    Velarde, Fernando, fvelarde@chacaltaya.edu.bo, Laboratory for Atmospheric Physics, LAP, , Campus Cota Cota calle 27 FCPN Building piso 3, , 4680, La Paz, Bolivia
Acknowledgement:              Request acknowledgement details from data originator
Comment:                      None
start_time    end_time   p_int      T_int       abs670       abs670pc16     abs670pc84   numflag 
[from data line 1834]
 76.416667   76.458333  9999.99  9999.99  999999.999999  999999.999999  999999.999999     0.999
 76.458333   76.500000  9999.99  9999.99  999999.999999  999999.999999  999999.999999     0.999
 76.500000   76.541667  9999.99  9999.99  999999.999999  999999.999999  999999.999999     0.999
 76.541667   76.583333  9999.99  9999.99  999999.999999  999999.999999  999999.999999     0.999
 76.583333   76.625000  9999.99  9999.99  999999.999999  999999.999999  999999.999999     0.999
 76.625000   76.666667  9999.99  9999.99  999999.999999  999999.999999  999999.999999     0.999
 76.666667   76.708333  9999.99  9999.99  999999.999999  999999.999999  999999.999999     0.999
 76.708333   76.750000  9999.99  9999.99  999999.999999  999999.999999  999999.999999     0.999
 76.750000   76.791667  9999.99  9999.99  999999.999999  999999.999999  999999.999999     0.999
 76.791667   76.833333  9999.99  9999.99  999999.999999  999999.999999  999999.999999     0.999
 76.833333   76.875000  9999.99  9999.99  999999.999999  999999.999999  999999.999999     0.999
 76.875000   76.916667  9999.99  9999.99  999999.999999  999999.999999  999999.999999     0.999
 76.916667   76.958333  9999.99  9999.99  999999.999999  999999.999999  999999.999999     0.999
 76.958333   77.000000  9999.99  9999.99  999999.999999  999999.999999  999999.999999     0.999
 77.000000   77.041667  9999.99  9999.99  999999.999999  999999.999999  999999.999999     0.999
 77.041667   77.083333  9999.99  9999.99  999999.999999  999999.999999  999999.999999     0.999
 77.083333   77.125000  9999.99  9999.99  999999.999999  999999.999999  999999.999999     0.999
 77.125000   77.166667  9999.99  9999.99  999999.999999  999999.999999  999999.999999     0.999
 77.166667   77.208333  9999.99  9999.99  999999.999999  999999.999999  999999.999999     0.999
 77.208333   77.250000  9999.99  9999.99  999999.999999  999999.999999  999999.999999     0.999
 77.250000   77.291667  9999.99  9999.99  999999.999999  999999.999999  999999.999999     0.999
 77.291667   77.333333  9999.99  9999.99  999999.999999  999999.999999  999999.999999     0.999
 77.333333   77.375000  9999.99  9999.99  999999.999999  999999.999999  999999.999999     0.999
 77.375000   77.416667  9999.99  9999.99  999999.999999  999999.999999  999999.999999     0.999
 77.416667   77.458333  9999.99  9999.99  999999.999999  999999.999999  999999.999999     0.999
 77.458333   77.500000  9999.99  9999.99  999999.999999  999999.999999  999999.999999     0.999
 77.500000   77.541667  9999.99  9999.99  999999.999999  999999.999999  999999.999999     0.999
 77.541667   77.583333  9999.99  9999.99  999999.999999  999999.999999  999999.999999     0.999
 77.583333   77.625000  9999.99  9999.99  999999.999999  999999.999999  999999.999999     0.999
 77.625000   77.666667  9999.99  9999.99  999999.999999  999999.999999  999999.999999     0.999
 77.666667   77.708333  9999.99  9999.99  999999.999999  999999.999999  999999.999999     0.999
 77.708333   77.750000  9999.99  9999.99  999999.999999  999999.999999  999999.999999     0.999
 77.750000   77.791667  9999.99  9999.99  999999.999999  999999.999999  999999.999999     0.999
 77.791667   77.833333  9999.99  9999.99  999999.999999  999999.999999  999999.999999     0.999
 77.833333   77.875000  9999.99  9999.99  999999.999999  999999.999999  999999.999999     0.999
 77.875000   77.916667  9999.99  9999.99  999999.999999  999999.999999  999999.999999     0.999
 77.916667   77.958333  9999.99  9999.99  999999.999999  999999.999999  999999.999999     0.999
 77.958333   78.000000  9999.99  9999.99  999999.999999  999999.999999  999999.999999     0.999
 78.000000   78.041667  9999.99  9999.99  999999.999999  999999.999999  999999.999999     0.999
 78.041667   78.083333  9999.99  9999.99  999999.999999  999999.999999  999999.999999     0.999
 78.083333   78.125000  9999.99  9999.99  999999.999999  999999.999999  999999.999999     0.999
 78.125000   78.166667  9999.99  9999.99  999999.999999  999999.999999  999999.999999     0.999
 78.166667   78.208333  9999.99  9999.99  999999.999999  999999.999999  999999.999999     0.999
 78.208333   78.250000  9999.99  9999.99  999999.999999  999999.999999  999999.999999     0.999
 78.250000   78.291667  9999.99  9999.99  999999.999999  999999.999999  999999.999999     0.999
 78.291667   78.333333  9999.99  9999.99  999999.999999  999999.999999  999999.999999     0.999
 78.333333   78.375000  9999.99  9999.99  999999.999999  999999.999999  999999.999999     0.999
 78.375000   78.416667  9999.99  9999.99  999999.999999  999999.999999  999999.999999     0.999
 78.416667   78.458333  9999.99  9999.99  999999.999999  999999.999999  999999.999999     0.999
 78.458333   78.500000  9999.99  9999.99  999999.999999  999999.999999  999999.999999     0.999
 78.500000   78.541667  9999.99  9999.99  999999.999999  999999.999999  999999.999999     0.999
 78.541667   78.583333  9999.99  9999.99  999999.999999  999999.999999  999999.999999     0.999
 78.583333   78.625000  9999.99  9999.99  999999.999999  999999.999999  999999.999999     0.999
 78.625000   78.666667   539.07    25.22       4.709476       3.327997       6.503600     0.000
 78.666667   78.708333  9999.99  9999.99  999999.999999  999999.999999  999999.999999     0.999
 78.708333   78.750000   538.16    26.12       2.792980       2.480610       3.166838     0.000
 78.750000   78.791667  9999.99  9999.99  999999.999999  999999.999999  999999.999999     0.999
 78.791667   78.833333  9999.99  9999.99  999999.999999  999999.999999  999999.999999     0.999
 78.833333   78.875000   537.15    26.82       0.640884       0.231495       1.188277     0.000
 78.875000   78.916667  9999.99  9999.99  999999.999999  999999.999999  999999.999999     0.999
 78.916667   78.958333   537.35    26.68       3.120888       1.786158       3.888416     0.000
 78.958333   79.000000   537.66    26.44       1.250588       0.461987       1.949534     0.000
 79.000000   79.041667   538.42    26.13       0.641728       0.198218       1.056950     0.000
 79.041667   79.083333  9999.99  9999.99  999999.999999  999999.999999  999999.999999     0.999
 79.083333   79.125000   539.13    25.46       1.218837       0.658924       2.177347     0.000
 79.125000   79.166667   539.03    25.06       2.626779       2.151151       3.103967     0.000
 79.166667   79.208333   538.73    24.76       0.885561       0.297733       1.615330     0.000
 79.208333   79.250000   538.18    24.48       0.649611       0.329030       1.090379     0.000
 79.250000   79.291667   537.81    24.23       0.605972       0.198680       0.924957     0.000
 79.291667   79.333333   537.67    23.99       0.654064       0.264502       0.990528     0.000
 79.333333   79.375000  9999.99  9999.99  999999.999999  999999.999999  999999.999999     0.999
 79.375000   79.416667   537.88    23.67       0.751488       0.331604       1.154921     0.000
 79.416667   79.458333   537.87    23.53       0.703639       0.263129       1.153033     0.000
 79.458333   79.500000   538.24    23.43       0.643765       0.329802       0.989439     0.000
 79.500000   79.541667   539.07    23.43       0.646002       0.362452       1.020202     0.000
 79.541667   79.583333   539.56    23.55       0.541881       0.131465       1.022967     0.000
 79.583333   79.625000   539.86    23.79       0.385877       0.033000       0.792660     0.000
 79.625000   79.666667   539.94    24.16       0.307297      -0.032947       0.694478     0.000
 79.666667   79.708333   539.60    24.68       0.293336      -0.164960       0.887350     0.000
 79.708333   79.750000   538.95    25.27       0.264455      -0.099020       0.758696     0.000
 79.750000   79.791667   538.38    25.89       0.311786       0.032875       0.760313     0.000
 79.791667   79.833333   537.93    26.46       0.096524      -0.363475       0.492314     0.000
 79.833333   79.875000   537.56    26.96       0.149447      -0.098762       0.495581     0.000
 79.875000   79.916667   537.48    27.24       0.164443      -0.165053       0.562630     0.000
 79.916667   79.958333   537.86    27.14       0.163189      -0.033106       0.493832     0.000
 79.958333   80.000000   537.93    26.76       0.270645       0.000000       0.692789     0.000
 80.000000   80.041667   538.28    26.29       0.439466      -0.000000       0.988812     0.000
 80.041667   80.083333   538.86    25.82       0.322377       0.033013       0.726119     0.000
 80.083333   80.125000   538.99    25.42       0.383816      -0.000000       0.762010     0.000
 80.125000   80.166667   538.88    25.06       0.395659       0.033086       0.793162     0.000
 80.166667   80.208333   538.77    24.70       0.414883       0.098914       0.629152     0.000
 80.208333   80.250000   538.36    24.39       0.533615       0.165079       0.924059     0.000
 80.250000   80.291667   538.02    24.09       0.450146       0.066165       0.823706     0.000
 80.291667   80.333333   537.83    23.79       0.472880       0.066165       0.791102     0.000
 80.333333   80.375000   537.87    23.53       0.542124       0.099099       0.794112     0.000
 80.375000   80.416667   538.08    23.30       0.442125       0.164584       0.826267     0.000
 80.416667   80.458333   538.57    23.08       0.419362       0.098894       0.758644     0.000
 80.458333   80.500000   538.99    22.92       0.318728       0.032974       0.560551     0.000
 80.500000   80.541667   539.57    22.83       0.559380       0.000000       1.120277     0.000
 80.541667   80.583333   539.95    22.88       0.711149       0.296228       1.186416     0.000
 80.583333   80.625000   539.91    23.10       0.770418       0.263941       1.384799     0.000
 80.625000   80.666667   539.79    23.44       3.820143       2.074426       5.381871     0.000
 80.666667   80.708333   539.54    23.80       4.546349       3.294060       5.844702     0.000
 80.708333   80.750000   539.05    24.22       1.876279       0.560815       3.792723     0.000
 80.750000   80.791667   538.55    24.58       1.509655       0.659162       3.142524     0.000
 80.791667   80.833333   538.06    24.84       2.570685       1.717888       3.342556     0.000
 80.833333   80.875000   537.91    25.09       2.048859       1.586746       2.565849     0.000
 80.875000   80.916667   537.87    25.48       2.652454       1.884887       3.694396     0.000
 80.916667   80.958333   538.00    25.88       3.578562       3.047332       4.284852     0.000
 80.958333   81.000000   538.33    25.87       3.218368       0.595168       5.280528     0.000
 81.000000   81.041667   538.74    25.52       0.635281       0.263215       1.157079     0.000
 81.041667   81.083333   539.05    25.08       1.051539       0.593644       1.617000     0.000
 81.083333   81.125000   539.14    24.69       1.282537       0.823429       1.846891     0.000
 81.125000   81.166667   539.00    24.36       1.071026       0.626036       1.581888     0.000
 81.166667   81.208333   538.82    24.09       1.111480       0.726825       1.486980     0.000
 81.208333   81.250000   538.27    23.83       0.976283       0.592832       1.455148     0.000
 81.250000   81.291667   538.03    23.63       0.774324       0.330383       1.221125     0.000
 81.291667   81.333333   537.94    23.47       1.063060       0.660000       1.552756     0.000
 81.333333   81.375000   537.85    23.33       0.509458       0.165680       0.824558     0.000
 81.375000   81.416667  9999.99  9999.99  999999.999999  999999.999999  999999.999999     0.999
 81.416667   81.458333  9999.99  9999.99  999999.999999  999999.999999  999999.999999     0.999
 81.458333   81.500000  9999.99  9999.99  999999.999999  999999.999999  999999.999999     0.999
 81.500000   81.541667  9999.99  9999.99  999999.999999  999999.999999  999999.999999     0.999
 81.541667   81.583333   539.43    23.02       1.030284       0.626729       1.385353     0.000
 81.583333   81.625000   539.72    23.32       7.126680       1.190653      12.339941     0.000
 81.625000   81.666667   539.48    23.72      11.543064       6.433502      16.235941     0.000
 81.666667   81.708333   539.03    24.11      10.437142       8.504179      13.259909     0.000
 81.708333   81.750000  9999.99  9999.99  999999.999999  999999.999999  999999.999999     0.999
 81.750000   81.791667   538.01    24.77       2.942351       2.245868       3.762251     0.000
 81.791667   81.833333   537.63    25.14       3.736173       3.101380       4.498619     0.000
 81.833333   81.875000   537.13    25.37       4.304701       1.289231       7.902312     0.000
 81.875000   81.916667   537.01    25.46       3.273048       2.042522       4.365438     0.000
 81.916667   81.958333   537.14    25.37       6.916411       6.259341       8.237348     0.000
 81.958333   82.000000   537.79    25.16       6.118835       2.970495       8.550986     0.000
 82.000000   82.041667   538.38    24.91       1.325976       0.859089       1.751508     0.000
 82.041667   82.083333   538.95    24.68       1.150378       0.692677       1.688438     0.000
 82.083333   82.125000   538.96    24.49       1.125834       0.757099       1.454132     0.000
 82.125000   82.166667  9999.99  9999.99  999999.999999  999999.999999  999999.999999     0.999
 82.166667   82.208333  9999.99  9999.99  999999.999999  999999.999999  999999.999999     0.999
 82.208333   82.250000  9999.99  9999.99  999999.999999  999999.999999  999999.999999     0.999
 82.250000   82.291667   537.12    23.87       1.238826       0.760723       1.821534     0.000
 82.291667   82.333333   537.19    23.71       0.797133       0.264376       1.285970     0.000
 82.333333   82.375000   537.08    23.55       0.514481       0.263736       0.823654     0.000
 82.375000   82.416667  9999.99  9999.99  999999.999999  999999.999999  999999.999999     0.999
 82.416667   82.458333  9999.99  9999.99  999999.999999  999999.999999  999999.999999     0.999
 82.458333   82.500000  9999.99  9999.99  999999.999999  999999.999999  999999.999999     0.999
 82.500000   82.541667  9999.99  9999.99  999999.999999  999999.999999  999999.999999     0.999
 82.541667   82.583333  9999.99  9999.99  999999.999999  999999.999999  999999.999999     0.999
 82.583333   82.625000   538.75    23.51       1.294020       0.626564       2.142208     0.000
 82.625000   82.666667   538.51    23.86       0.852781       0.164822       1.485937     0.000
 82.666667   82.708333  9999.99  9999.99  999999.999999  999999.999999  999999.999999     0.999
 82.708333   82.750000  9999.99  9999.99  999999.999999  999999.999999  999999.999999     0.999
 82.750000   82.791667   537.15    25.26       0.071165      -0.197947       0.561224     0.000
 82.791667   82.833333   536.70    25.68       0.616420       0.197690       1.086347     0.000
 82.833333   82.875000   536.42    25.79       0.976278       0.428644       1.587643     0.000
 82.875000   82.916667   536.69    25.64       1.341516       0.792871       1.978878     0.000
 82.916667   82.958333   536.96    25.37       2.843421       1.915789       3.843437     0.000
 82.958333   83.000000  9999.99  9999.99  999999.999999  999999.999999  999999.999999     0.999
 83.000000   83.041667   538.04    24.80       1.804616       1.418102       2.214465     0.000
 83.041667   83.083333   538.55    24.58       1.605174       0.956492       2.213211     0.000
 83.083333   83.125000  9999.99  9999.99  999999.999999  999999.999999  999999.999999     0.999
 83.125000   83.166667  9999.99  9999.99  999999.999999  999999.999999  999999.999999     0.999
 83.166667   83.208333  9999.99  9999.99  999999.999999  999999.999999  999999.999999     0.999
 83.208333   83.250000  9999.99  9999.99  999999.999999  999999.999999  999999.999999     0.999
 83.250000   83.291667   537.43    23.83       0.444795       0.099191       0.856799     0.000
 83.291667   83.333333   537.20    23.74       0.452184       0.000000       0.824340     0.000
