data/MAAP/BO0001R.20170101000000.20171231000000.filter_absorption_photometer.aerosol_absorption_coefficient.pm10.1y.1h.BO01L_MAAP_5012_CHACALTAYA_BOLIVIA.NO01L_MAAP_5012.lev2.nas
76 1001
Andrade, Marcos; Zaratti, Francesco
BO01L, Universidad Mayor de San Andrés, UMSA-LAP, Laboratory for Atmospheric Physics, Campus Cota Cota calle 27, Endifico FCPN piso 3, 04680, La Paz, Bolivia
Velarde, Fernando
GAW-WDCA GUAN ACTRIS
1 1
2017 01 01   2018 03 01
0.041667
days from file reference point
7
1 1 1 1 1 1 1
9999.999999 9999.99 9999.99 999999.999999 999999.999999 999999.999999 9.999
end_time of measurement, days from the file reference point
pressure, hPa, Location=instrument internal, Matrix=instrument, Detection limit=, Detection limit expl.=, Measurement uncertainty=
temperature, K, Location=instrument internal, Matrix=instrument, Detection limit=, Detection limit expl.=, Measurement uncertainty=
aerosol_absorption_coefficient, 1/Mm, Wavelength=670.0 nm
aerosol_absorption_coefficient, 1/Mm, Wavelength=670.0 nm, Statistics=percentile:15.87
aerosol_absorption_coefficient, 1/Mm, Wavelength=670.0 nm, Statistics=percentile:84.13
numflag, no unit
0
55
Data definition:              EBAS_1.1
Set type code:                TU
Timezone:                     UTC
File name:                    BO0001R.20170101000000.20171231000000.filter_absorption_photometer.aerosol_absorption_coefficient.pm10.1y.1h.BO01L_MAAP_5012_CHACALTAYA_BOLIVIA.NO01L_MAAP_5012.lev2.nas
File creation:                20180412184446
Startdate:                    20170101000000
Revision date:                20180301000000
Version:                      1
Version description:          initial revision
Statistics:                   arithmetic mean
Data level:                   2
Period code:                  1y
Resolution code:              1h
Sample duration:              1h
Orig. time res.:              1mn
Station code:                 BO0001R
Platform code:                BO0001S
Station name:   	      Chacaltaya Station Atmospheric Monitoring Site	
Station latitude:             -16.35
Station longitude:            -68.13
Station altitude:             5240m
Measurement latitude:         -16.35
Measurement longitude:        -68.13
Measurement altitude:         5240m
Measurement height:           5.0m
Regime:                       
Component:                    aerosol_absorption_coefficient
Unit:                         1/Mm
Matrix:                       pm10
Instrument type:              filter_absorption_photometer
Laboratory code:              BO01L
Instrument name:              MAAP_5012_CHACALTAYA_BOLIVIA
Instrument manufacturer:      Thermo
Instrument model:             5012
Instrument serial number:     None
Method ref:                   NO01L_MAAP_5012
Standard method:              Single-angle_Correction=none
Inlet type:                   Whole Air
Inlet description:            Automatic heater dryer which is activated for Relative Humidity great than 90%, flow 162.00 l/min
Humidity/temperature control: None
Humidity/temperature control description: "active, sample heated from atmospheric to lab temperature"
Volume std. temperature:      291.15K
Volume std. pressure:         1013.00hPa
Detection limit:              0.1 1/Mm
Detection limit expl.:        Determined by instrument noise characteristics, no detection limit flag used
Measurement uncertainty:      6.0 %
Measurement uncertainty expl.: typical value of unit-to-unit variability
Zero/negative values code:    Zero/negative possible
Zero/negative values:         Zero and neg. values may appear due to statistical variations at very low concentrations
Originator:                   Andrade, Marcos, mandrade@atmos.umd.edu, Laboratory for Atmospheric Physics, LAP, , Campus Cota Cota calle 27 FCPN Building piso 3, , 4680, La Paz, Bolivia
Originator:                   Zaratti, Francesco, fzaratti@umsa.bo, Laboratory for Atmospheric Physics, LAP, , Campus Cota Cota calle 27 FCPN Building piso 3, , 4680, La Paz, Bolivia
Submitter:                    Velarde, Fernando, fvelarde@chacaltaya.edu.bo, Laboratory for Atmospheric Physics, LAP, , Campus Cota Cota calle 27 FCPN Building piso 3, , 4680, La Paz, Bolivia
Acknowledgement:              Request acknowledgement details from data originator
Comment:                      None
start_time    end_time   p_int      T_int       abs670       abs670pc16     abs670pc84   numflag 
[from data line 2667]
111.125000  111.166667   540.81   312.03       1.475100       0.594000       2.178000     0.000
111.166667  111.208333   540.79   311.80       0.689700       0.198000       1.254000     0.000
111.208333  111.250000   540.24   311.53       0.464200       0.066000       0.924000     0.000
111.250000  111.291667   540.02   311.31       0.553300       0.132000       1.056000     0.000
111.291667  111.333333   539.98   311.16       0.370700       0.000000       0.660000     0.000
111.333333  111.375000   539.81   310.98       0.104500      -0.462000       0.594000     0.000
111.375000  111.416667   539.61   310.81       0.140800       0.000000       0.330000     0.000
111.416667  111.458333   539.96   310.68       0.107800      -0.066000       0.330000     0.000
111.458333  111.500000   540.59   310.59       0.268400       0.000000       0.462000     0.000
111.500000  111.541667   540.98   310.67       0.360800       0.000000       0.726000     0.000
111.541667  111.583333   541.33   310.91       0.383900       0.066000       0.792000     0.000
111.583333  111.625000   541.69   311.37       0.809600       0.330000       1.386000     0.000
111.625000  111.666667   541.62   311.77       0.523600       0.066000       1.056000     0.000
111.666667  111.708333   541.10   311.97       0.892100       0.264000       1.386000     0.000
111.708333  111.750000   540.82   312.02       2.884200       1.254000       5.016000     0.000
111.750000  111.791667   540.45   312.02       1.391500       0.858000       1.848000     0.000
111.791667  111.833333   540.05   312.08       1.204500       0.660000       1.650000     0.000
111.833333  111.875000   540.10   312.12       0.936100       0.330000       1.452000     0.000
111.875000  111.916667   540.37   312.04       1.056000       0.462000       1.452000     0.000
111.916667  111.958333   540.66   311.97       0.897600       0.396000       1.386000     0.000
111.958333  112.000000   540.92   311.83       2.102101       1.518000       2.640000     0.000
112.000000  112.041667   541.31   311.64       1.142900       0.594000       1.716000     0.000
112.041667  112.083333   541.68   311.43       0.515900       0.132000       0.858000     0.000
112.083333  112.125000   541.37   311.24       0.667700       0.132000       1.254000     0.000
112.125000  112.166667   541.14   311.06       0.555500       0.000000       0.990000     0.000
112.166667  112.208333   540.96   310.89       0.458700       0.066000       0.858000     0.000
112.208333  112.250000   540.55   310.75       0.351600       0.000000       0.726000     0.000
112.250000  112.291667   540.04   310.62       0.449900       0.132000       0.726000     0.000
112.291667  112.333333   539.99   310.49       0.432300       0.132000       0.792000     0.000
112.333333  112.375000   540.01   310.37       0.097900      -0.000000       0.198000     0.000
112.375000  112.416667   539.98   310.25       0.269500      -0.000000       0.594000     0.000
112.416667  112.458333   540.13   310.15       0.349800       0.066000       0.594000     0.000
112.458333  112.500000   540.72   310.09       0.334400       0.066000       0.528000     0.000
112.500000  112.541667   540.96   310.15       0.361900       0.066000       0.594000     0.000
112.541667  112.583333   541.15   310.36       0.366300      -0.000000       0.660000     0.000
112.583333  112.625000   541.32   310.79       0.479600       0.066000       0.792000     0.000
112.625000  112.666667   541.06   311.35       5.233799       3.366000       7.392000     0.000
112.666667  112.708333   540.74   311.75       6.392099       4.092000       8.250000     0.000
112.708333  112.750000   540.14   311.99       5.793700       3.696000       7.194000     0.000
112.750000  112.791667   539.60   312.23       4.427500       3.696000       4.818000     0.000
112.791667  112.833333   539.00   312.50       3.322000       2.640000       4.092000     0.000
112.833333  112.875000   538.86   312.62       2.231900       1.386000       2.904000     0.000
112.875000  112.916667   538.95   312.52       1.718200       0.858000       2.442000     0.000
112.916667  112.958333   539.03   312.40       0.600600       0.132000       1.122000     0.000
112.958333  113.000000   539.39   312.22       0.726000       0.330000       1.320000     0.000
113.000000  113.041667   540.05   311.98       0.603900       0.198000       1.122000     0.000
113.041667  113.083333   540.46   311.75       0.765600       0.264000       1.188000     0.000
113.083333  113.125000   540.65   311.52       0.914100       0.330000       1.386000     0.000
113.125000  113.166667   540.70   311.33       0.719400       0.264000       1.122000     0.000
113.166667  113.208333   540.48   311.16       0.552200       0.132000       0.990000     0.000
113.208333  113.250000   540.11   311.03       0.598400       0.198000       1.056000     0.000
113.250000  113.291667   539.97   310.92       0.521400       0.132000       0.924000     0.000
113.291667  113.333333   539.78   310.83       0.303600       0.000000       0.528000     0.000
113.333333  113.375000   539.55   310.73       0.288200       0.000000       0.594000     0.000
113.375000  113.416667   539.50   310.60       0.249700      -0.000000       0.594000     0.000
113.416667  113.458333   539.87   310.46       0.182600       0.000000       0.396000     0.000
113.458333  113.500000   540.16   310.35       0.283800       0.000000       0.594000     0.000
113.500000  113.541667   540.60   310.34       0.354200      -0.000000       0.726000     0.000
113.541667  113.583333   540.86   310.51       0.277200       0.000000       0.792000     0.000
113.583333  113.625000   540.89   310.81       0.365200      -0.066000       0.924000     0.000
113.625000  113.666667   540.54   311.02       6.590101       0.264000      13.398000     0.000
113.666667  113.708333   539.92   311.08       3.297600       1.848000       4.356000     0.000
113.708333  113.750000   539.32   311.10       0.831600       0.396000       1.518000     0.000
113.750000  113.791667   538.99   311.06       0.325600      -0.066000       0.792000     0.000
113.791667  113.833333   538.23   311.19       0.292600      -0.000000       0.660000     0.000
113.833333  113.875000   538.04   311.48       0.268400       0.000000       0.528000     0.000
113.875000  113.916667   538.04   311.85       0.255200      -0.000000       0.660000     0.000
113.916667  113.958333   538.08   311.95       0.200200       0.000000       0.660000     0.000
113.958333  114.000000   538.27   311.78       0.121000      -0.000000       0.264000     0.000
114.000000  114.041667   538.95   311.55       0.423500       0.132000       0.660000     0.000
114.041667  114.083333   539.34   311.28       0.410300       0.066000       0.924000     0.000
114.083333  114.125000   539.54   311.06       0.575300       0.198000       0.924000     0.000
114.125000  114.166667   539.53   310.86       0.719400      -0.000000       1.188000     0.000
114.166667  114.208333   539.27   310.70       0.019800      -0.264000       0.330000     0.000
114.208333  114.250000   539.04   310.57       0.425700       0.000000       0.792000     0.000
114.250000  114.291667   538.78   310.44       0.876700       0.462000       1.320000     0.000
114.291667  114.333333   538.33   310.31       1.173700       0.792000       1.518000     0.000
114.333333  114.375000   538.20   310.21       1.102200       0.660000       1.518000     0.000
114.375000  114.416667   538.18   310.11       1.052700       0.528000       1.584000     0.000
114.416667  114.458333   538.57   310.02       1.246300       0.792000       1.716000     0.000
114.458333  114.500000   539.03   309.97       1.030700       0.660000       1.452000     0.000
114.500000  114.541667   539.24   309.94       1.034000       0.660000       1.386000     0.000
114.541667  114.583333   539.71   310.04       0.789800       0.264000       1.386000     0.000
114.583333  114.625000   539.97   310.30       0.833800       0.462000       1.320000     0.000
114.625000  114.666667   539.86   310.73       1.034000       0.264000       1.716000     0.000
114.666667  114.708333   539.33   311.09       0.932800       0.198000       1.716000     0.000
114.708333  114.750000   539.01   311.27       0.847000       0.198000       1.452000     0.000
114.750000  114.791667   538.70   311.40       1.020800       0.594000       1.584000     0.000
114.791667  114.833333   538.24   311.56       0.882200       0.462000       1.386000     0.000
114.833333  114.875000   538.08   311.78       0.846621       0.396000       1.386000     0.000
114.875000  114.916667   538.05   312.02       0.595119       0.264000       0.924000     0.000
114.916667  114.958333   538.23   312.01       0.568174       0.198000       0.858000     0.000
114.958333  115.000000   538.74   311.66       0.663414       0.132000       1.188000     0.000
115.000000  115.041667   539.33   311.21       0.938235       0.264000       1.452000     0.000
115.041667  115.083333   539.89   310.66       1.353768       0.660000       2.244000     0.000
115.083333  115.125000   539.95   310.21       0.598400       0.264000       0.990000     0.000
115.125000  115.166667   539.88   309.88       0.614428       0.132000       0.990000     0.000
115.166667  115.208333   539.69   309.57       0.424111       0.000000       0.726000     0.000
115.208333  115.250000   539.10   309.35       0.517256       0.132000       0.924000     0.000
115.250000  115.291667   538.84   309.17       0.528000       0.132000       0.924000     0.000
115.291667  115.333333   538.84   309.00       0.555366       0.132000       1.056000     0.000
115.333333  115.375000   538.84   308.86       0.557633       0.198000       0.990000     0.000
115.375000  115.416667   538.93   308.73       0.655787       0.198000       1.056000     0.000
115.416667  115.458333   539.10   308.60       1.204500       0.462000       2.112000     0.000
115.458333  115.500000   539.59   308.45       1.432895       0.858000       2.112000     0.000
115.500000  115.541667   539.94   308.44       0.981000       0.528000       1.452000     0.000
115.541667  115.583333   540.07   308.61       0.969913       0.528000       1.320000     0.000
115.583333  115.625000   540.17   308.83       0.744857       0.132000       1.386000     0.000
115.625000  115.666667   540.06   309.13      11.334001       1.518000      18.677999     0.000
115.666667  115.708333   539.81   309.59       9.144914       7.194000      12.210000     0.000
115.708333  115.750000   539.28   310.09       2.928200       2.046000       4.026000     0.000
115.750000  115.791667   539.01   310.45       1.823801       1.254000       2.376000     0.000
115.791667  115.833333   538.74   310.77       1.265000       0.726000       1.782000     0.000
115.833333  115.875000   538.52   311.18       0.500893      -0.000000       0.924000     0.000
115.875000  115.916667   538.69   311.49       0.712345       0.264000       1.320000     0.000
115.916667  115.958333   538.50   311.59       0.495000       0.000000       0.924000     0.000
115.958333  116.000000   538.97   311.40       0.331100      -0.132000       0.858000     0.000
116.000000  116.041667   539.66   311.10       0.411400       0.066000       0.792000     0.000
116.041667  116.083333   540.01   310.82       0.590400       0.132000       0.924000     0.000
116.083333  116.125000   540.11   310.55       0.710160       0.330000       1.122000     0.000
116.125000  116.166667   540.07   310.32       0.832333       0.264000       1.320000     0.000
116.166667  116.208333   539.93   310.15       0.769200       0.330000       1.320000     0.000
116.208333  116.250000   539.67   309.96       0.693000       0.396000       1.122000     0.000
116.250000  116.291667   539.42   309.79       0.530588       0.132000       0.924000     0.000
116.291667  116.333333   539.11   309.64       0.418000       0.066000       0.792000     0.000
116.333333  116.375000   539.03   309.52       0.531960       0.132000       0.924000     0.000
116.375000  116.416667   539.05   309.40       0.515721      -0.000000       0.924000     0.000
116.416667  116.458333   539.53   309.31       0.656264       0.264000       1.056000     0.000
116.458333  116.500000   539.93   309.26       0.637043       0.264000       0.924000     0.000
116.500000  116.541667   540.18   309.29       0.561647       0.132000       0.990000     0.000
116.541667  116.583333   540.76   309.47       0.694222       0.198000       1.056000     0.000
116.583333  116.625000   540.93   309.74       0.969158       0.528000       1.452000     0.000
116.625000  116.666667   540.79   310.02       0.918407       0.462000       1.386000     0.000
116.666667  116.708333   540.22   310.29       1.559800       0.858000       2.112000     0.000
116.708333  116.750000   539.86   310.53       0.650400       0.264000       0.990000     0.000
116.750000  116.791667   539.47   310.70       0.371250       0.000000       0.792000     0.000
116.791667  116.833333   539.04   310.82       0.361900       0.000000       0.594000     0.000
116.833333  116.875000   538.91   311.12       0.322300      -0.066000       0.726000     0.000
116.875000  116.916667   538.94   311.43       2.493700       0.462000       4.488000     0.000
116.916667  116.958333   539.06   311.40       1.873300       1.320000       2.508000     0.000
116.958333  117.000000   539.62   311.19       1.276000       0.396000       2.508000     0.000
117.000000  117.041667   540.02   310.87       0.755700       0.264000       1.254000     0.000
117.041667  117.083333   540.51   310.51       0.986700       0.594000       1.320000     0.000
117.083333  117.125000   540.76   310.21       1.052700       0.528000       1.650000     0.000
117.125000  117.166667   540.67   309.96       1.019700       0.462000       1.584000     0.000
117.166667  117.208333   540.52   309.78       1.205600       0.660000       1.782000     0.000
117.208333  117.250000   540.28   309.61       0.788700       0.132000       1.386000     0.000
117.250000  117.291667   540.07   309.45       0.704000       0.264000       1.122000     0.000
117.291667  117.333333   539.95   309.26       0.786500       0.264000       1.254000     0.000
117.333333  117.375000   539.90   309.08       0.701800       0.132000       1.320000     0.000
117.375000  117.416667   539.99   308.93       0.911900       0.528000       1.320000     0.000
117.416667  117.458333   540.32   308.83       0.595100       0.000000       0.990000     0.000
117.458333  117.500000   540.84   308.77       0.925100       0.462000       1.518000     0.000
117.500000  117.541667   541.06   308.86       0.906400       0.264000       1.584000     0.000
117.541667  117.583333   541.62   309.14       0.887700       0.462000       1.320000     0.000
117.583333  117.625000   541.85   309.53       1.174800       0.330000       1.518000     0.000
117.625000  117.666667   541.66   309.98       2.168100       1.452000       2.838000     0.000
117.666667  117.708333   541.14   310.51       2.233200       0.990000       3.432000     0.000
117.708333  117.750000   540.83   310.88       3.391300       1.254000       5.412000     0.000
117.750000  117.791667   540.30   310.91       1.801801       0.660000       3.234000     0.000
117.791667  117.833333   540.09   310.86       4.171199       1.782000       6.138000     0.000
117.833333  117.875000   539.96   310.92       0.928475       0.462000       1.254000     0.000
117.875000  117.916667   539.99   311.13       0.729300       0.198000       1.254000     0.000
117.916667  117.958333   540.07   311.16       0.358600       0.066000       0.660000     0.000
117.958333  118.000000   540.27   310.97       0.346500       0.066000       0.660000     0.000
118.000000  118.041667   540.71   310.76       0.432300       0.066000       0.858000     0.000
