data/MAAP/BO0001R.20140101000000.20141231000000.filter_absorption_photometer.aerosol_absorption_coefficient.pm10.1y.1h.BO01L_MAAP_5012_CHACALTAYA_BOLIVIA.NO01L_MAAP_5012.lev2.nas
76 1001
Andrade, Marcos; Zaratti, Francesco
BO01L, Universidad Mayor de San Andrés, UMSA-LAP, Laboratory for Atmospheric Physics, Campus Cota Cota calle 27, Endifico FCPN piso 3, 04680, La Paz, Bolivia
Velarde, Fernando
GAW-WDCA GUAN ACTRIS
1 1
2014 01 01   2015 03 01
0.041667
days from file reference point
7
1 1 1 1 1 1 1
9999.999999 9999.99 9999.99 999999.999999 999999.999999 999999.999999 9.999
end_time of measurement, days from the file reference point
pressure, hPa, Location=instrument internal, Matrix=instrument, Detection limit=, Detection limit expl.=, Measurement uncertainty=
temperature, K, Location=instrument internal, Matrix=instrument, Detection limit=, Detection limit expl.=, Measurement uncertainty=
aerosol_absorption_coefficient, 1/Mm, Wavelength=670.0 nm
aerosol_absorption_coefficient, 1/Mm, Wavelength=670.0 nm, Statistics=percentile:15.87
aerosol_absorption_coefficient, 1/Mm, Wavelength=670.0 nm, Statistics=percentile:84.13
numflag, no unit
0
55
Data definition:              EBAS_1.1
Set type code:                TU
Timezone:                     UTC
File name:                    BO0001R.20140101000000.20141231000000.filter_absorption_photometer.aerosol_absorption_coefficient.pm10.1y.1h.BO01L_MAAP_5012_CHACALTAYA_BOLIVIA.NO01L_MAAP_5012.lev2.nas
File creation:                20160520151622
Startdate:                    20140101000000
Revision date:                20150301000000
Version:                      1
Version description:          initial revision
Statistics:                   arithmetic mean
Data level:                   2
Period code:                  1y
Resolution code:              1h
Sample duration:              1h
Orig. time res.:              1mn
Station code:                 BO0001R
Platform code:                BO0001S
Station name:   	      Chacaltaya Station Atmospheric Monitoring Site	
Station latitude:             -16.35
Station longitude:            -68.13
Station altitude:             5240m
Measurement latitude:         -16.35
Measurement longitude:        -68.13
Measurement altitude:         5240m
Measurement height:           5.0m
Regime:                       
Component:                    aerosol_absorption_coefficient
Unit:                         1/Mm
Matrix:                       pm10
Instrument type:              filter_absorption_photometer
Laboratory code:              BO01L
Instrument name:              MAAP_5012_CHACALTAYA_BOLIVIA
Instrument manufacturer:      Thermo
Instrument model:             5012
Instrument serial number:     None
Method ref:                   NO01L_MAAP_5012
Standard method:              Single-angle_Correction=none
Inlet type:                   Whole-air inlet
Inlet description:            Automatic heater dryer which is activated for Relative Humidity great than 90%, flow 162.00 l/min
Humidity/temperature control: None
Humidity/temperature control description: passive, sample heated from atmospheric to lab temperature
Volume std. temperature:      273.15K
Volume std. pressure:         1013.25hPa
Detection limit:              0.1 1/Mm
Detection limit expl.:        Determined by instrument noise characteristics, no detection limit flag used
Measurement uncertainty:      6.0 %
Measurement uncertainty expl.: typical value of unit-to-unit variability
Zero/negative values code:    Zero/negative possible
Zero/negative values:         Zero and neg. values may appear due to statistical variations at very low concentrations
Originator:                   Andrade, Marcos, mandrade@atmos.umd.edu, Laboratory for Atmospheric Physics, LAP, , Campus Cota Cota calle 27 FCPN Building piso 3, , 4680, La Paz, Bolivia
Originator:                   Zaratti, Francesco, fzaratti@umsa.bo, Laboratory for Atmospheric Physics, LAP, , Campus Cota Cota calle 27 FCPN Building piso 3, , 4680, La Paz, Bolivia
Submitter:                    Velarde, Fernando, fvelarde@chacaltaya.edu.bo, Laboratory for Atmospheric Physics, LAP, , Campus Cota Cota calle 27 FCPN Building piso 3, , 4680, La Paz, Bolivia
Acknowledgement:              Request acknowledgement details from data originator
Comment:                      None
start_time    end_time   p_int      T_int       abs670       abs670pc16     abs670pc84   numflag 
[from data line 7667]
319.458333  319.500000   539.37    34.38       0.123750       0.000000       0.264000     0.000
319.500000  319.541667   539.91    34.23       0.216333      -0.132000       0.594000     0.000
319.541667  319.583333   540.07    34.25       0.110000      -0.132000       0.528000     0.000
319.583333  319.625000   540.04    34.43       0.199347      -0.066000       0.528000     0.000
319.625000  319.666667   539.89    34.74       0.121733      -0.066000       0.462000     0.000
319.666667  319.708333   539.37    35.11       0.158400      -0.264000       0.594000     0.000
319.708333  319.750000   538.86    35.51       0.256826      -0.132000       0.726000     0.000
319.750000  319.791667   538.35    35.97       0.265269      -0.198000       0.858000     0.000
319.791667  319.833333   537.99    36.47       0.327067      -0.132000       0.924000     0.000
319.833333  319.875000   537.70    36.84       0.259286       0.000000       0.792000     0.000
319.875000  319.916667   537.66    37.49       0.240128      -0.792000       1.122000     0.000
319.916667  319.958333   537.85    38.52       0.325696      -0.066000       0.990000     0.000
319.958333  320.000000   538.17    38.07       0.259111      -0.198000       1.122000     0.000
320.000000  320.041667   538.79    37.38       0.260526      -0.066000       0.726000     0.000
320.041667  320.083333   538.95    36.80       0.193600      -0.264000       0.594000     0.000
320.083333  320.125000   539.09    36.28       0.308000       0.000000       0.726000     0.000
320.125000  320.166667   539.03    35.87       0.222200      -0.132000       0.792000     0.000
320.166667  320.208333   538.76    35.55       0.173800      -0.132000       0.396000     0.000
320.208333  320.250000   538.23    35.30       0.154000      -0.000000       0.330000     0.000
320.250000  320.291667   538.01    35.07       0.189200      -0.066000       0.528000     0.000
320.291667  320.333333   537.88    34.88       0.146300      -0.066000       0.462000     0.000
320.333333  320.375000   537.93    34.69       0.110000      -0.066000       0.396000     0.000
320.375000  320.416667   538.05    34.47       0.123200      -0.066000       0.330000     0.000
320.416667  320.458333   538.33    34.25       0.130900      -0.066000       0.396000     0.000
320.458333  320.500000   538.98    34.11       0.050600       0.000000       0.198000     0.000
320.500000  320.541667   539.34    34.07       0.080300      -0.066000       0.264000     0.000
320.541667  320.583333   539.86    34.18       0.064900      -0.066000       0.330000     0.000
320.583333  320.625000   539.81    34.54       1.234200       0.132000       2.838000     0.000
320.625000  320.666667   539.51    35.07       4.220587       1.782000       6.798000     0.000
320.666667  320.708333   539.11    35.40       3.403400       0.858000       6.072000     0.000
320.708333  320.750000   538.59    35.59       0.731500       0.330000       1.254000     0.000
320.750000  320.791667   537.99    35.86       1.140700       0.660000       1.650000     0.000
320.791667  320.833333   537.43    36.11       0.789800       0.396000       1.254000     0.000
320.833333  320.875000   537.11    36.24       0.653400       0.132000       1.386000     0.000
320.875000  320.916667   537.14    36.48       0.942700       0.594000       1.386000     0.000
320.916667  320.958333   537.38    36.80       1.196800       0.660000       1.782000     0.000
320.958333  321.000000   537.90    36.68       4.356000       1.650000       6.732000     0.000
321.000000  321.041667   538.10    36.45       4.512201       2.640000       7.788000     0.000
321.041667  321.083333   538.33    36.26       4.587000       1.914000       7.854000     0.000
321.083333  321.125000   538.47    36.11       1.019700       0.594000       1.584000     0.000
321.125000  321.166667   538.64    36.00       1.051600       0.594000       1.518000     0.000
321.166667  321.208333   538.14    35.89       0.895400       0.462000       1.254000     0.000
321.208333  321.250000   537.86    35.78       0.818400       0.462000       1.254000     0.000
321.250000  321.291667   537.29    35.70       0.949300       0.132000       1.848000     0.000
321.291667  321.333333   537.09    35.64       0.924000       0.264000       1.518000     0.000
321.333333  321.375000   537.02    35.52       1.080200       0.528000       1.914000     0.000
321.375000  321.416667   537.06    35.42       0.867900       0.396000       1.386000     0.000
321.416667  321.458333   537.42    35.36       0.724900       0.330000       1.122000     0.000
321.458333  321.500000   537.84    35.36       0.635390       0.330000       0.924000     0.000
321.500000  321.541667   538.02    35.44       0.456500       0.000000       1.056000     0.000
321.541667  321.583333   538.08    35.62       0.921800       0.396000       1.518000     0.000
321.583333  321.625000   538.08    35.91       1.376100       0.924000       2.046000     0.000
321.625000  321.666667   538.00    36.24       1.679334       0.792000       2.376000     0.000
321.666667  321.708333   537.82    36.48       1.207201       0.726000       1.716000     0.000
321.708333  321.750000   537.22    36.70       0.784300       0.264000       1.320000     0.000
321.750000  321.791667   536.87    36.91       0.710600       0.330000       1.320000     0.000
321.791667  321.833333   536.39    37.11       0.734800       0.330000       1.254000     0.000
321.833333  321.875000   536.22    37.33       0.872143       0.396000       1.386000     0.000
321.875000  321.916667   536.17    37.69       0.932800       0.330000       1.584000     0.000
321.916667  321.958333   536.38    37.96       1.334667       0.726000       2.046000     0.000
321.958333  322.000000   537.02    37.65       1.752667       0.924000       2.574000     0.000
322.000000  322.041667   537.55    37.23       1.100000       0.594000       1.716000     0.000
322.041667  322.083333   537.73    36.75       1.314500       0.660000       2.112000     0.000
322.083333  322.125000   537.88    36.33       0.847000       0.264000       1.518000     0.000
322.125000  322.166667   537.57    35.98       0.518571       0.132000       0.792000     0.000
322.166667  322.208333   537.19    35.69       0.421826       0.066000       0.990000     0.000
322.208333  322.250000   537.02    35.49       0.340500       0.066000       0.594000     0.000
322.250000  322.291667   536.59    35.32       0.405240       0.066000       0.924000     0.000
322.291667  322.333333   536.23    35.17       0.210222      -0.000000       0.462000     0.000
322.333333  322.375000   536.20    34.96       0.217017      -0.000000       0.462000     0.000
322.375000  322.416667   536.55    34.76       0.228105       0.000000       0.528000     0.000
322.416667  322.458333   536.95    34.62       0.333300      -0.000000       0.858000     0.000
322.458333  322.500000   537.54    34.54       0.313500       0.066000       0.660000     0.000
322.500000  322.541667   537.95    34.52       0.600600       0.264000       1.056000     0.000
322.541667  322.583333   538.10    34.57       0.756105       0.396000       1.122000     0.000
322.583333  322.625000   538.10    34.71       1.301883       0.462000       2.046000     0.000
322.625000  322.666667   538.09    34.94       1.722601       1.254000       2.244000     0.000
322.666667  322.708333   538.01    35.19       1.086800       0.594000       1.650000     0.000
322.708333  322.750000   537.51    35.49       0.779900       0.330000       1.254000     0.000
322.750000  322.791667   537.05    35.80       0.895400       0.396000       1.452000     0.000
322.791667  322.833333   536.71    36.20       1.118700       0.396000       1.716000     0.000
322.833333  322.875000   536.35    36.74       1.057100       0.396000       1.584000     0.000
322.875000  322.916667   536.21    37.87       0.841500      -0.066000       1.716000     0.000
322.916667  322.958333   536.15    39.46       0.829400      -0.000000       1.452000     0.000
322.958333  323.000000   536.63    39.46       0.876700       0.462000       1.254000     0.000
323.000000  323.041667   537.06    38.95       2.148300       1.386000       3.036000     0.000
323.041667  323.083333   537.46    38.44       2.291300       1.782000       2.904000     0.000
323.083333  323.125000   537.82    37.98       2.420001       1.914000       2.904000     0.000
323.125000  323.166667   537.70    37.60       3.075600       1.848000       4.158000     0.000
323.166667  323.208333   537.18    37.29       3.962200       3.300000       4.554000     0.000
323.208333  323.250000   536.99    37.04       4.713500       3.828000       5.412000     0.000
323.250000  323.291667   536.55    36.88       2.120556       1.056000       3.828000     0.000
323.291667  323.333333   536.25    36.78       2.662000       2.046000       3.234000     0.000
323.333333  323.375000   536.29    36.68       2.600400       2.178000       3.168000     0.000
323.375000  323.416667   536.59    36.59       2.399661       1.848000       3.102000     0.000
323.416667  323.458333   537.01    36.50       2.259400       1.650000       2.904000     0.000
323.458333  323.500000   537.52    36.44       2.252800       1.782000       2.772000     0.000
323.500000  323.541667   537.85    36.44       2.041600       1.452000       2.706000     0.000
323.541667  323.583333   537.99    36.54       1.421200       0.858000       2.046000     0.000
323.583333  323.625000   537.85    36.80       1.983414       1.188000       2.838000     0.000
323.625000  323.666667   537.48    37.12       3.622300       2.112000       6.270000     0.000
323.666667  323.708333   537.13    37.46       7.301798       5.478000       9.174000     0.000
323.708333  323.750000   536.77    37.80       4.846600       3.828000       5.874000     0.000
323.750000  323.791667   536.17    38.18       3.989700       3.366000       4.818000     0.000
323.791667  323.833333   536.11    38.35       3.435301       2.904000       3.960000     0.000
323.833333  323.875000   536.02    38.37       3.972100       3.564000       4.488000     0.000
323.875000  323.916667   535.97    38.46       3.087457       2.310000       4.092000     0.000
323.916667  323.958333   536.12    38.52       2.075701       1.650000       2.574000     0.000
323.958333  324.000000   536.63    38.39       1.922800       1.452000       2.508000     0.000
324.000000  324.041667   537.01    38.15       1.386000       0.726000       1.980000     0.000
324.041667  324.083333   537.21    37.92       1.389300       0.924000       2.046000     0.000
324.083333  324.125000   537.42    37.71       1.244101       0.792000       1.914000     0.000
324.125000  324.166667   537.53    37.50       1.194600       0.594000       1.782000     0.000
324.166667  324.208333   537.10    37.31       1.107700       0.660000       1.650000     0.000
324.208333  324.250000   536.96    37.14       1.416800       0.792000       2.112000     0.000
324.250000  324.291667   536.62    36.99       1.689600       1.122000       2.310000     0.000
324.291667  324.333333   536.22    36.87       1.513601       0.990000       2.046000     0.000
324.333333  324.375000   536.23    36.76       1.566400       0.990000       2.178000     0.000
324.375000  324.416667   536.46    36.68       1.590600       0.792000       2.376000     0.000
324.416667  324.458333   537.01    36.58       1.153900       0.594000       1.650000     0.000
324.458333  324.500000   537.52    36.52       1.165560       0.594000       1.782000     0.000
324.500000  324.541667   537.91    36.49       0.778800       0.198000       1.518000     0.000
324.541667  324.583333   538.04    36.59       0.728237       0.330000       1.188000     0.000
324.583333  324.625000   538.08    36.81       1.101965       0.462000       1.716000     0.000
324.625000  324.666667   538.05    37.02       1.629100       1.056000       2.244000     0.000
324.666667  324.708333   537.93    37.21       2.043800       1.386000       2.970000     0.000
324.708333  324.750000   537.32    37.39       1.339800       0.858000       1.914000     0.000
324.750000  324.791667   536.97    37.59       1.694000       1.188000       2.442000     0.000
324.791667  324.833333   536.33    37.80       1.316701       0.858000       1.914000     0.000
324.833333  324.875000   536.11    38.14       1.035100       0.594000       1.650000     0.000
324.875000  324.916667   536.19    38.32       0.894300       0.264000       1.518000     0.000
324.916667  324.958333   536.81    38.25       0.959200       0.462000       1.518000     0.000
324.958333  325.000000   537.17    38.02       0.680900       0.264000       1.122000     0.000
325.000000  325.041667   537.83    37.71       0.789800       0.198000       1.386000     0.000
325.041667  325.083333   538.17    37.39       1.136300       0.660000       1.650000     0.000
325.083333  325.125000   538.83    37.10       1.119800       0.660000       1.518000     0.000
325.125000  325.166667   538.78    36.85       0.974601       0.462000       1.452000     0.000
325.166667  325.208333   538.31    36.66       0.949300       0.528000       1.452000     0.000
325.208333  325.250000   537.99    36.50       1.274900       0.792000       1.650000     0.000
325.250000  325.291667   537.42    36.36       0.891000       0.462000       1.452000     0.000
325.291667  325.333333   537.21    36.25       0.875600       0.396000       1.386000     0.000
325.333333  325.375000   537.13    36.14       0.871200       0.396000       1.320000     0.000
325.375000  325.416667   537.13    36.03       0.842600       0.396000       1.254000     0.000
325.416667  325.458333   537.70    35.93       0.941600       0.528000       1.320000     0.000
325.458333  325.500000   538.10    35.84       0.862400       0.462000       1.254000     0.000
325.500000  325.541667   538.42    35.84       0.801900       0.396000       1.188000     0.000
325.541667  325.583333   538.86    35.93       1.568600       0.528000       3.234000     0.000
325.583333  325.625000   538.84    36.06       2.972201       1.848000       3.960000     0.000
325.625000  325.666667   538.72    36.12       1.741300       0.132000       4.026000     0.000
325.666667  325.708333   538.20    36.28       0.748000       0.264000       1.254000     0.000
325.708333  325.750000   538.02    36.40       0.553300       0.132000       0.990000     0.000
325.750000  325.791667   537.52    36.61       0.258500      -0.066000       0.660000     0.000
325.791667  325.833333   536.96    37.05       0.379500       0.000000       0.792000     0.000
325.833333  325.875000   536.78    37.30       0.430100      -0.000000       0.924000     0.000
325.875000  325.916667   536.88    37.36       0.399300       0.000000       0.858000     0.000
325.916667  325.958333   537.19    37.24       1.498200       0.132000       3.432000     0.000
325.958333  326.000000   537.88    37.01       1.658800       0.792000       2.772000     0.000
326.000000  326.041667   538.16    36.73       1.982200       0.792000       3.234000     0.000
326.041667  326.083333   538.82    36.46       0.809600       0.330000       1.320000     0.000
326.083333  326.125000   538.96    36.22       0.788700       0.264000       1.452000     0.000
326.125000  326.166667   538.69    36.02       0.687500       0.198000       1.320000     0.000
326.166667  326.208333   538.17    35.86       0.779900       0.264000       1.254000     0.000
326.208333  326.250000   537.85    35.71       0.823322       0.396000       1.320000     0.000
326.250000  326.291667   537.14    35.56       0.674300       0.198000       1.320000     0.000
326.291667  326.333333   536.98    35.40       0.807400       0.396000       1.254000     0.000
326.333333  326.375000   536.88    35.26       0.811800       0.330000       1.452000     0.000
