data/MAAP/BO0001R.20130101000000.20131231000000.filter_absorption_photometer.aerosol_absorption_coefficient.pm10.1y.1h.BO01L_MAAP_5012_CHACALTAYA_BOLIVIA.NO01L_MAAP_5012.lev2.nas
76 1001
Andrade, Marcos; Zaratti, Francesco
BO01L, Universidad Mayor de San Andrés, UMSA-LAP, Laboratory for Atmospheric Physics, Campus Cota Cota calle 27, Endifico FCPN piso 3, 04680, La Paz, Bolivia
Velarde, Fernando
GAW-WDCA GUAN ACTRIS
1 1
2013 01 01   2014 03 01
0.041667
days from file reference point
7
1 1 1 1 1 1 1
9999.999999 9999.99 9999.99 999999.999999 999999.999999 999999.999999 9.999
end_time of measurement, days from the file reference point
pressure, hPa, Location=instrument internal, Matrix=instrument, Detection limit=, Detection limit expl.=, Measurement uncertainty=
temperature, K, Location=instrument internal, Matrix=instrument, Detection limit=, Detection limit expl.=, Measurement uncertainty=
aerosol_absorption_coefficient, 1/Mm, Wavelength=670.0 nm
aerosol_absorption_coefficient, 1/Mm, Wavelength=670.0 nm, Statistics=percentile:15.87
aerosol_absorption_coefficient, 1/Mm, Wavelength=670.0 nm, Statistics=percentile:84.13
numflag, no unit
0
55
Data definition:              EBAS_1.1
Set type code:                TU
Timezone:                     UTC
File name:                    BO0001R.20130101000000.20131231000000.filter_absorption_photometer.aerosol_absorption_coefficient.pm10.1y.1h.BO01L_MAAP_5012_CHACALTAYA_BOLIVIA.NO01L_MAAP_5012.lev2.nas
File creation:                20160520145946
Startdate:                    20130101000000
Revision date:                20140301000000
Version:                      1
Version description:          initial revision
Statistics:                   arithmetic mean
Data level:                   2
Period code:                  1y
Resolution code:              1h
Sample duration:              1h
Orig. time res.:              1mn
Station code:                 BO0001R
Platform code:                BO0001S
Station name:   	      Chacaltaya Station Atmospheric Monitoring Site	
Station latitude:             -16.35
Station longitude:            -68.13
Station altitude:             5240m
Measurement latitude:         -16.35
Measurement longitude:        -68.13
Measurement altitude:         5240m
Measurement height:           5.0m
Regime:                       
Component:                    aerosol_absorption_coefficient
Unit:                         1/Mm
Matrix:                       pm10
Instrument type:              filter_absorption_photometer
Laboratory code:              BO01L
Instrument name:              MAAP_5012_CHACALTAYA_BOLIVIA
Instrument manufacturer:      Thermo
Instrument model:             5012
Instrument serial number:     None
Method ref:                   NO01L_MAAP_5012
Standard method:              Single-angle_Correction=none
Inlet type:                   Whole-air inlet
Inlet description:            Automatic heater dryer which is activated for Relative Humidity great than 90%, flow 162.00 l/min
Humidity/temperature control: None
Humidity/temperature control description: passive, sample heated from atmospheric to lab temperature
Volume std. temperature:      273.15K
Volume std. pressure:         1013.25hPa
Detection limit:              0.1 1/Mm
Detection limit expl.:        Determined by instrument noise characteristics, no detection limit flag used
Measurement uncertainty:      6.0 %
Measurement uncertainty expl.: typical value of unit-to-unit variability
Zero/negative values code:    Zero/negative possible
Zero/negative values:         Zero and neg. values may appear due to statistical variations at very low concentrations
Originator:                   Andrade, Marcos, mandrade@atmos.umd.edu, Laboratory for Atmospheric Physics, LAP, , Campus Cota Cota calle 27 FCPN Building piso 3, , 4680, La Paz, Bolivia
Originator:                   Zaratti, Francesco, fzaratti@umsa.bo, Laboratory for Atmospheric Physics, LAP, , Campus Cota Cota calle 27 FCPN Building piso 3, , 4680, La Paz, Bolivia
Submitter:                    Velarde, Fernando, fvelarde@chacaltaya.edu.bo, Laboratory for Atmospheric Physics, LAP, , Campus Cota Cota calle 27 FCPN Building piso 3, , 4680, La Paz, Bolivia
Acknowledgement:              Request acknowledgement details from data originator
Comment:                      None
start_time    end_time   p_int      T_int       abs670       abs670pc16     abs670pc84   numflag 
[from data line 667]
 27.791667   27.833333  9999.99  9999.99  999999.999999  999999.999999  999999.999999     0.999
 27.833333   27.875000  9999.99  9999.99  999999.999999  999999.999999  999999.999999     0.999
 27.875000   27.916667  9999.99  9999.99  999999.999999  999999.999999  999999.999999     0.999
 27.916667   27.958333   542.94    19.19       0.577500      -0.792000       1.584000     0.000
 27.958333   28.000000   542.87    21.96       0.763400       0.264000       1.320000     0.000
 28.000000   28.041667   543.05    22.75       1.199000       0.528000       1.914000     0.000
 28.041667   28.083333   543.29    23.17       1.114300       0.528000       1.914000     0.000
 28.083333   28.125000   543.53    23.46       0.627000       0.198000       1.056000     0.000
 28.125000   28.166667   543.20    23.64       0.404800      -0.000000       0.924000     0.000
 28.166667   28.208333   542.81    23.77       0.439627       0.132000       0.924000     0.000
 28.208333   28.250000   542.06    23.87       0.559900       0.198000       0.924000     0.000
 28.250000   28.291667   541.82    23.95       0.485100       0.066000       0.924000     0.000
 28.291667   28.333333   541.59    24.01       0.596200       0.132000       1.122000     0.000
 28.333333   28.375000   541.72    24.07       0.676500       0.330000       1.056000     0.000
 28.375000   28.416667   541.85    24.11       0.510400       0.132000       0.990000     0.000
 28.416667   28.458333   542.02    24.12       0.748000       0.396000       1.122000     0.000
 28.458333   28.500000   542.57    24.15       0.665500       0.198000       1.188000     0.000
 28.500000   28.541667   542.89    24.30       0.537900       0.132000       0.990000     0.000
 28.541667   28.583333   542.94    24.62       0.234300      -0.066000       0.660000     0.000
 28.583333   28.625000   542.89    25.06       0.152900      -0.066000       0.462000     0.000
 28.625000   28.666667   542.76    25.52       0.075900      -0.264000       0.528000     0.000
 28.666667   28.708333   542.18    26.07       0.195800      -0.396000       0.660000     0.000
 28.708333   28.750000   541.71    26.62       0.309100      -0.066000       0.792000     0.000
 28.750000   28.791667   541.03    27.09       0.210100      -0.198000       0.726000     0.000
 28.791667   28.833333   540.69    27.52       2.021800       0.132000       4.290000     0.000
 28.833333   28.875000   540.24    27.82       2.633400       0.792000       4.488000     0.000
 28.875000   28.916667   540.07    27.96       2.072400       1.518000       2.640000     0.000
 28.916667   28.958333   540.14    28.37       2.455200       1.650000       3.498000     0.000
 28.958333   29.000000   540.37    28.75       3.162500       2.574000       3.828000     0.000
 29.000000   29.041667   540.81    28.35       2.445301       2.046000       2.904000     0.000
 29.041667   29.083333   541.08    27.99       2.869900       1.848000       4.158000     0.000
 29.083333   29.125000   541.17    27.74       2.528900       1.452000       3.300000     0.000
 29.125000   29.166667   541.00    27.57       0.942700       0.330000       1.650000     0.000
 29.166667   29.208333   540.83    27.43       2.014100       1.386000       2.970000     0.000
 29.208333   29.250000   540.17    27.32       1.708300       1.254000       2.310000     0.000
 29.250000   29.291667   539.77    27.24       1.386001       0.660000       2.046000     0.000
 29.291667   29.333333   539.29    27.17       0.448800       0.066000       0.924000     0.000
 29.333333   29.375000   539.08    27.13       0.135300       0.000000       0.330000     0.000
 29.375000   29.416667   539.05    27.08       0.309100       0.066000       0.660000     0.000
 29.416667   29.458333   539.08    27.02       0.111100      -0.132000       0.462000     0.000
 29.458333   29.500000   539.54    27.02       0.077000      -0.330000       0.660000     0.000
 29.500000   29.541667   539.91    27.12       0.134200      -0.066000       0.396000     0.000
 29.541667   29.583333   540.00    27.26       0.859100       0.066000       1.716000     0.000
 29.583333   29.625000   540.05    27.42       1.431100       0.396000       2.508000     0.000
 29.625000   29.666667   540.02    27.58       0.867600       0.264000       1.386000     0.000
 29.666667   29.708333   539.83    27.71       0.246400      -0.066000       0.726000     0.000
 29.708333   29.750000   539.31    27.98       0.832700       0.000000       1.452000     0.000
 29.750000   29.791667   538.97    28.12       0.396000       0.000000       0.990000     0.000
 29.791667   29.833333   538.33    28.38       0.107800      -0.132000       0.594000     0.000
 29.833333   29.875000   538.06    28.57       0.244200       0.000000       0.462000     0.000
 29.875000   29.916667   537.90    28.58       0.550000       0.198000       0.924000     0.000
 29.916667   29.958333   537.68    29.87       0.977695      -0.330000       2.046000     0.000
 29.958333   30.000000   537.94    30.43       1.315526       0.660000       1.980000     0.000
 30.000000   30.041667   538.32    29.74       1.593962       0.396000       3.036000     0.000
 30.041667   30.083333   538.71    29.09       1.160824       0.264000       2.244000     0.000
 30.083333   30.125000   538.91    28.66       0.946759       0.396000       1.518000     0.000
 30.125000   30.166667   538.92    28.28       1.044215       0.594000       1.518000     0.000
 30.166667   30.208333   538.60    27.97       0.714120       0.264000       1.320000     0.000
 30.208333   30.250000   538.12    27.72       0.616000       0.264000       1.122000     0.000
 30.250000   30.291667   537.88    27.52       0.581900       0.198000       0.924000     0.000
 30.291667   30.333333   537.51    27.33       0.297000       0.000000       0.660000     0.000
 30.333333   30.375000   537.34    27.19       0.250800       0.000000       0.594000     0.000
 30.375000   30.416667   537.41    27.08       0.136400       0.000000       0.396000     0.000
 30.416667   30.458333   537.79    26.97       0.268400      -0.000000       0.528000     0.000
 30.458333   30.500000   538.00    26.90       0.211200      -0.000000       0.462000     0.000
 30.500000   30.541667   538.17    26.84       0.169400      -0.198000       0.594000     0.000
 30.541667   30.583333   538.51    26.94       0.101200      -0.132000       0.330000     0.000
 30.583333   30.625000   538.67    27.24       0.239800      -0.132000       0.594000     0.000
 30.625000   30.666667   538.59    27.51       2.148300       0.858000       3.432000     0.000
 30.666667   30.708333   538.30    27.66       1.327700       0.726000       2.046000     0.000
 30.708333   30.750000   538.00    27.96       1.769901       1.320000       2.244000     0.000
 30.750000   30.791667   537.68    28.28       3.253799       2.706000       4.026000     0.000
 30.791667   30.833333   537.17    28.35       3.337400       2.640000       4.224000     0.000
 30.833333   30.875000   537.05    28.25       1.271600       0.462000       2.376000     0.000
 30.875000   30.916667   536.84    28.26       0.834000       0.198000       1.452000     0.000
 30.916667   30.958333   536.83    29.13       0.620812      -0.264000       1.320000     0.000
 30.958333   31.000000   537.01    29.37       0.550000       0.132000       1.056000     0.000
 31.000000   31.041667   537.71    28.91       0.311300       0.000000       0.726000     0.000
 31.041667   31.083333   538.28    28.47       1.226500       0.396000       1.914000     0.000
 31.083333   31.125000   538.78    28.16       4.246000       1.188000       6.666000     0.000
 31.125000   31.166667   538.85    27.97       3.781800       2.970000       4.950000     0.000
 31.166667   31.208333   538.67    27.83       3.138300       2.772000       3.498000     0.000
 31.208333   31.250000   538.18    27.75       1.819400       0.858000       2.706000     0.000
 31.250000   31.291667   538.05    27.71       0.532400       0.066000       1.056000     0.000
 31.291667   31.333333   537.85    27.65       0.536800       0.198000       0.990000     0.000
 31.333333   31.375000   537.81    27.59       0.555500       0.198000       0.990000     0.000
 31.375000   31.416667   537.78    27.53       0.437800       0.066000       0.792000     0.000
 31.416667   31.458333   537.99    27.45       0.427900       0.066000       0.792000     0.000
 31.458333   31.500000   538.49    27.41       0.481800       0.132000       0.858000     0.000
 31.500000   31.541667   538.94    27.48       0.504900       0.000000       1.122000     0.000
 31.541667   31.583333   539.13    27.58       0.874500       0.396000       1.452000     0.000
 31.583333   31.625000   539.41    27.73       3.163600       1.782000       5.148000     0.000
 31.625000   31.666667   539.44    27.95       1.240801       0.264000       2.838000     0.000
 31.666667   31.708333   539.25    28.08       0.841500       0.396000       1.386000     0.000
 31.708333   31.750000   539.01    28.17       0.797500       0.066000       1.386000     0.000
 31.750000   31.791667   538.55    28.22       1.465200       0.858000       2.112000     0.000
 31.791667   31.833333   538.02    28.19       1.350106       0.726000       1.980000     0.000
 31.833333   31.875000   537.52    28.25       1.394609       1.056000       1.914000     0.000
 31.875000   31.916667   537.40    28.72       1.422667       1.122000       1.980000     0.000
 31.916667   31.958333   537.91    28.86       1.730300       0.726000       3.300000     0.000
 31.958333   32.000000   538.35    28.72       3.501300       2.838000       4.290000     0.000
 32.000000   32.041667   538.72    28.56       1.148400       0.396000       2.112000     0.000
 32.041667   32.083333   538.92    28.40       0.854700       0.396000       1.254000     0.000
 32.083333   32.125000   539.14    28.25       0.937200       0.462000       1.452000     0.000
 32.125000   32.166667   539.23    28.14       1.200100       0.660000       1.914000     0.000
 32.166667   32.208333   538.97    28.05       0.376200       0.132000       0.726000     0.000
 32.208333   32.250000   538.58    27.96       0.544500       0.132000       0.924000     0.000
 32.250000   32.291667   538.34    27.86       0.215600       0.000000       0.396000     0.000
 32.291667   32.333333   538.11    27.75       0.386100       0.000000       0.792000     0.000
 32.333333   32.375000   538.17    27.63       0.339900       0.066000       0.660000     0.000
 32.375000   32.416667   538.36    27.47       0.348700       0.000000       0.924000     0.000
 32.416667   32.458333   538.87    27.28       0.332200       0.000000       0.660000     0.000
 32.458333   32.500000   539.57    27.11       0.243100       0.000000       0.528000     0.000
 32.500000   32.541667   540.07    27.07       0.426800       0.000000       0.924000     0.000
 32.541667   32.583333   540.35    27.17       0.295900      -0.000000       0.594000     0.000
 32.583333   32.625000   540.47    27.52       0.210100      -0.264000       0.660000     0.000
 32.625000   32.666667   540.41    28.05       0.515900      -0.132000       1.188000     0.000
 32.666667   32.708333   540.04    28.70       3.238632       0.660000       4.752000     0.000
 32.708333   32.750000   539.59    29.39       8.839600       2.772000      15.047999     0.000
 32.750000   32.791667   539.04    29.96       4.274339       0.462000       3.696000     0.000
 32.791667   32.833333   538.53    30.41       0.330000       0.000000       0.858000     0.000
 32.833333   32.875000   538.10    30.91       0.264000      -0.198000       0.792000     0.000
 32.875000   32.916667   538.04    31.44       4.148790      -0.264000       1.914000     0.000
 32.916667   32.958333   538.04    32.06       0.773745       0.198000       1.518000     0.000
 32.958333   33.000000   538.34    32.07       3.684521       0.396000       3.102000     0.000
 33.000000   33.041667   538.83    31.60       0.792000       0.198000       1.386000     0.000
 33.041667   33.083333   539.10    31.07       0.603900       0.132000       1.056000     0.000
 33.083333   33.125000   539.60    30.62       0.938793       0.132000       0.924000     0.000
 33.125000   33.166667   539.17    30.27       0.191053      -0.066000       0.660000     0.000
 33.166667   33.208333   538.97    29.88       0.983053       0.000000       0.726000     0.000
 33.208333   33.250000   538.86    29.52       0.574200       0.132000       1.254000     0.000
 33.250000   33.291667   538.20    29.23       0.895400       0.396000       1.518000     0.000
 33.291667   33.333333   538.16    29.01       0.287100       0.000000       0.660000     0.000
 33.333333   33.375000   538.12    28.80       0.077000      -0.264000       0.396000     0.000
 33.375000   33.416667   538.07    28.64       0.077000      -0.198000       0.330000     0.000
 33.416667   33.458333   538.28    28.50       3.798959       0.066000       2.904000     0.000
 33.458333   33.500000   538.53    28.35       1.566322      -0.132000       0.924000     0.000
 33.500000   33.541667   538.93    28.24       0.094085      -0.132000       0.264000     0.000
 33.541667   33.583333   539.04    28.29       3.203199      -0.726000       1.056000     0.000
 33.583333   33.625000   538.66    28.69       0.051057      -0.330000       0.396000     0.000
 33.625000   33.666667   538.66    29.20       1.669412      -0.066000       0.660000     0.000
 33.666667   33.708333   538.54    29.55       0.147529      -0.330000       0.726000     0.000
 33.708333   33.750000   538.15    29.85       0.189600      -0.264000       0.594000     0.000
 33.750000   33.791667   537.91    30.05       3.223256       0.066000       1.716000     0.000
 33.791667   33.833333   537.51    30.12       0.067886      -0.396000       0.594000     0.000
 33.833333   33.875000   537.10    30.03       0.036300      -0.198000       0.396000     0.000
 33.875000   33.916667   537.24    29.83       0.827302      -0.198000       0.594000     0.000
 33.916667   33.958333   537.36    29.53       3.390559      -0.198000       0.990000     0.000
 33.958333   34.000000   537.66    29.22       1.857625      -0.198000       0.990000     0.000
 34.000000   34.041667   538.02    28.85       0.204286      -0.330000       0.990000     0.000
 34.041667   34.083333   538.59    28.51       0.136400       0.000000       0.330000     0.000
 34.083333   34.125000   538.96    28.21       0.305800       0.000000       0.594000     0.000
 34.125000   34.166667   538.36    27.94       0.793138       0.132000       1.056000     0.000
 34.166667   34.208333   538.26    27.70       0.375571      -0.000000       1.056000     0.000
 34.208333   34.250000   538.01    27.45       0.320100       0.000000       0.792000     0.000
 34.250000   34.291667   537.52    27.31       0.317036       0.000000       0.726000     0.000
 34.291667   34.333333   537.16    27.17       2.977135       0.000000       0.858000     0.000
 34.333333   34.375000   537.07    27.02       0.796000       0.132000       0.858000     0.000
 34.375000   34.416667   537.30    26.88       0.315512      -0.132000       0.462000     0.000
 34.416667   34.458333   537.81    26.76       0.044710      -0.132000       0.198000     0.000
 34.458333   34.500000   538.09    26.72       0.085556      -0.132000       0.396000     0.000
 34.500000   34.541667   538.58    26.80       0.084333      -0.066000       0.396000     0.000
 34.541667   34.583333   538.90    27.15       3.852147      -0.132000       1.320000     0.000
 34.583333   34.625000   538.95    27.67       1.248500      -0.198000       1.056000     0.000
 34.625000   34.666667   538.90    28.28       0.867625      -0.528000       1.386000     0.000
 34.666667   34.708333   538.43    28.89       0.193787      -0.396000       0.528000     0.000
