data/MAAP/BO0001R.20120101000000.20121231000000.filter_absorption_photometer.aerosol_absorption_coefficient.pm10.1y.1h.BO01L_MAAP_5012_CHACALTAYA_BOLIVIA.NO01L_MAAP_5012.lev2.nas
76 1001
Andrade, Marcos; Zaratti, Francesco
BO01L, Universidad Mayor de San Andrés, UMSA-LAP, Laboratory for Atmospheric Physics, Campus Cota Cota calle 27, Endifico FCPN piso 3, 04680, La Paz, Bolivia
Velarde, Fernando
GAW-WDCA GUAN ACTRIS
1 1
2012 01 01   2013 03 01
0.041667
days from file reference point
7
1 1 1 1 1 1 1
9999.999999 9999.99 9999.99 999999.999999 999999.999999 999999.999999 9.999
end_time of measurement, days from the file reference point
pressure, hPa, Location=instrument internal, Matrix=instrument, Detection limit=, Detection limit expl.=, Measurement uncertainty=
temperature, K, Location=instrument internal, Matrix=instrument, Detection limit=, Detection limit expl.=, Measurement uncertainty=
aerosol_absorption_coefficient, 1/Mm, Wavelength=670.0 nm
aerosol_absorption_coefficient, 1/Mm, Wavelength=670.0 nm, Statistics=percentile:15.87
aerosol_absorption_coefficient, 1/Mm, Wavelength=670.0 nm, Statistics=percentile:84.13
numflag, no unit
0
55
Data definition:              EBAS_1.1
Set type code:                TU
Timezone:                     UTC
File name:                    BO0001R.20120101000000.20121231000000.filter_absorption_photometer.aerosol_absorption_coefficient.pm10.1y.1h.BO01L_MAAP_5012_CHACALTAYA_BOLIVIA.NO01L_MAAP_5012.lev2.nas
File creation:                20160520144914
Startdate:                    20120101000000
Revision date:                20130301000000
Version:                      1
Version description:          initial revision
Statistics:                   arithmetic mean
Data level:                   2
Period code:                  1y
Resolution code:              1h
Sample duration:              1h
Orig. time res.:              1mn
Station code:                 BO0001R
Platform code:                BO0001S
Station name:   	      Chacaltaya Station Atmospheric Monitoring Site	
Station latitude:             -16.35
Station longitude:            -68.13
Station altitude:             5240m
Measurement latitude:         -16.35
Measurement longitude:        -68.13
Measurement altitude:         5240m
Measurement height:           5.0m
Regime:                       
Component:                    aerosol_absorption_coefficient
Unit:                         1/Mm
Matrix:                       pm10
Instrument type:              filter_absorption_photometer
Laboratory code:              BO01L
Instrument name:              MAAP_5012_CHACALTAYA_BOLIVIA
Instrument manufacturer:      Thermo
Instrument model:             5012
Instrument serial number:     None
Method ref:                   NO01L_MAAP_5012
Standard method:              Single-angle_Correction=none
Inlet type:                   Whole-air inlet
Inlet description:            Automatic heater dryer which is activated for Relative Humidity great than 90%, flow 162.00 l/min
Humidity/temperature control: None
Humidity/temperature control description: passive, sample heated from atmospheric to lab temperature
Volume std. temperature:      273.15K
Volume std. pressure:         1013.25hPa
Detection limit:              0.1 1/Mm
Detection limit expl.:        Determined by instrument noise characteristics, no detection limit flag used
Measurement uncertainty:      6.0 %
Measurement uncertainty expl.: typical value of unit-to-unit variability
Zero/negative values code:    Zero/negative possible
Zero/negative values:         Zero and neg. values may appear due to statistical variations at very low concentrations
Originator:                   Andrade, Marcos, mandrade@atmos.umd.edu, Laboratory for Atmospheric Physics, LAP, , Campus Cota Cota calle 27 FCPN Building piso 3, , 4680, La Paz, Bolivia
Originator:                   Zaratti, Francesco, fzaratti@umsa.bo, Laboratory for Atmospheric Physics, LAP, , Campus Cota Cota calle 27 FCPN Building piso 3, , 4680, La Paz, Bolivia
Submitter:                    Velarde, Fernando, fvelarde@chacaltaya.edu.bo, Laboratory for Atmospheric Physics, LAP, , Campus Cota Cota calle 27 FCPN Building piso 3, , 4680, La Paz, Bolivia
Acknowledgement:              Request acknowledgement details from data originator
Comment:                      None
start_time    end_time   p_int      T_int       abs670       abs670pc16     abs670pc84   numflag 
[from data line 8667]
361.125000  361.166667  9999.99  9999.99  999999.999999  999999.999999  999999.999999     0.999
361.166667  361.208333  9999.99  9999.99  999999.999999  999999.999999  999999.999999     0.999
361.208333  361.250000  9999.99  9999.99  999999.999999  999999.999999  999999.999999     0.999
361.250000  361.291667  9999.99  9999.99  999999.999999  999999.999999  999999.999999     0.999
361.291667  361.333333  9999.99  9999.99  999999.999999  999999.999999  999999.999999     0.999
361.333333  361.375000  9999.99  9999.99  999999.999999  999999.999999  999999.999999     0.999
361.375000  361.416667  9999.99  9999.99  999999.999999  999999.999999  999999.999999     0.999
361.416667  361.458333  9999.99  9999.99  999999.999999  999999.999999  999999.999999     0.999
361.458333  361.500000  9999.99  9999.99  999999.999999  999999.999999  999999.999999     0.999
361.500000  361.541667  9999.99  9999.99  999999.999999  999999.999999  999999.999999     0.999
361.541667  361.583333  9999.99  9999.99  999999.999999  999999.999999  999999.999999     0.999
361.583333  361.625000  9999.99  9999.99  999999.999999  999999.999999  999999.999999     0.999
361.625000  361.666667  9999.99  9999.99  999999.999999  999999.999999  999999.999999     0.999
361.666667  361.708333  9999.99  9999.99  999999.999999  999999.999999  999999.999999     0.999
361.708333  361.750000  9999.99  9999.99  999999.999999  999999.999999  999999.999999     0.999
361.750000  361.791667  9999.99  9999.99  999999.999999  999999.999999  999999.999999     0.999
361.791667  361.833333  9999.99  9999.99  999999.999999  999999.999999  999999.999999     0.999
361.833333  361.875000  9999.99  9999.99  999999.999999  999999.999999  999999.999999     0.999
361.875000  361.916667  9999.99  9999.99  999999.999999  999999.999999  999999.999999     0.999
361.916667  361.958333  9999.99  9999.99  999999.999999  999999.999999  999999.999999     0.999
361.958333  362.000000  9999.99  9999.99  999999.999999  999999.999999  999999.999999     0.999
362.000000  362.041667  9999.99  9999.99  999999.999999  999999.999999  999999.999999     0.999
362.041667  362.083333  9999.99  9999.99  999999.999999  999999.999999  999999.999999     0.999
362.083333  362.125000  9999.99  9999.99  999999.999999  999999.999999  999999.999999     0.999
362.125000  362.166667  9999.99  9999.99  999999.999999  999999.999999  999999.999999     0.999
362.166667  362.208333  9999.99  9999.99  999999.999999  999999.999999  999999.999999     0.999
362.208333  362.250000  9999.99  9999.99  999999.999999  999999.999999  999999.999999     0.999
362.250000  362.291667  9999.99  9999.99  999999.999999  999999.999999  999999.999999     0.999
362.291667  362.333333  9999.99  9999.99  999999.999999  999999.999999  999999.999999     0.999
362.333333  362.375000  9999.99  9999.99  999999.999999  999999.999999  999999.999999     0.999
362.375000  362.416667  9999.99  9999.99  999999.999999  999999.999999  999999.999999     0.999
362.416667  362.458333  9999.99  9999.99  999999.999999  999999.999999  999999.999999     0.999
362.458333  362.500000  9999.99  9999.99  999999.999999  999999.999999  999999.999999     0.999
362.500000  362.541667  9999.99  9999.99  999999.999999  999999.999999  999999.999999     0.999
362.541667  362.583333  9999.99  9999.99  999999.999999  999999.999999  999999.999999     0.999
362.583333  362.625000   536.70    32.27       0.838076       0.132000       1.584000     0.000
362.625000  362.666667   536.34    32.36       0.597882       0.198000       0.990000     0.000
362.666667  362.708333   536.09    32.34       0.078000      -0.132000       0.396000     0.000
362.708333  362.750000   535.85    31.49       0.060720      -0.396000       0.858000     0.000
362.750000  362.791667   535.38    30.37       0.113520      -0.396000       0.726000     0.000
362.791667  362.833333   535.17    29.74       0.133347      -0.132000       0.528000     0.000
362.833333  362.875000   535.08    29.58       0.175102      -0.264000       0.726000     0.000
362.875000  362.916667   535.02    29.60       0.121224      -0.198000       0.462000     0.000
362.916667  362.958333   535.10    29.62       0.167200       0.000000       0.462000     0.000
362.958333  363.000000   535.27    29.62       0.181077      -0.000000       0.330000     0.000
363.000000  363.041667   535.93    29.59       0.171600       0.000000       0.462000     0.000
363.041667  363.083333   536.27    29.51       0.199692       0.000000       0.528000     0.000
363.083333  363.125000   536.87    29.44       0.023375      -0.132000       0.132000     0.000
363.125000  363.166667   536.88    29.38       0.034320      -0.066000       0.132000     0.000
363.166667  363.208333   536.33    29.33       0.227765      -0.264000       0.660000     0.000
363.208333  363.250000   535.93    29.32       0.102414      -0.066000       0.264000     0.000
363.250000  363.291667   535.38    29.32       0.202552      -0.000000       0.396000     0.000
363.291667  363.333333   535.16    29.29       0.093789       0.000000       0.264000     0.000
363.333333  363.375000   535.09    29.24       0.200237       0.000000       0.462000     0.000
363.375000  363.416667   535.19    29.19       0.184105      -0.132000       0.660000     0.000
363.416667  363.458333   535.70    29.12       0.087170      -0.000000       0.330000     0.000
363.458333  363.500000   536.11    29.17       0.010043      -0.264000       0.264000     0.000
363.500000  363.541667   536.47    29.34       0.110400      -0.000000       0.396000     0.000
363.541667  363.583333   536.89    29.71       0.168300      -0.264000       0.528000     0.000
363.583333  363.625000   536.94    30.24       0.179300      -0.198000       0.660000     0.000
363.625000  363.666667   536.80    30.75       0.270600      -0.132000       0.726000     0.000
363.666667  363.708333   536.36    31.10       0.496100      -0.000000       0.924000     0.000
363.708333  363.750000   535.98    31.19       1.106600       0.000000       2.970000     0.000
363.750000  363.791667   535.96    31.04       0.278300      -0.000000       0.594000     0.000
363.791667  363.833333   535.61    30.90       0.209000       0.000000       0.462000     0.000
363.833333  363.875000   535.24    31.04       0.326700       0.000000       0.792000     0.000
363.875000  363.916667   535.24    31.36       0.183700      -0.264000       0.792000     0.000
363.916667  363.958333   535.75    32.05       0.305800       0.066000       0.726000     0.000
363.958333  364.000000   536.02    31.90       0.380600       0.000000       0.924000     0.000
364.000000  364.041667   536.36    31.43       0.426203       0.066000       0.990000     0.000
364.041667  364.083333   537.34    30.94       0.356400       0.000000       0.858000     0.000
364.083333  364.125000   537.90    30.52       0.240900      -0.066000       0.660000     0.000
364.125000  364.166667   537.90    30.15       0.298100       0.000000       0.660000     0.000
364.166667  364.208333   537.34    29.84       0.300300       0.000000       0.660000     0.000
364.208333  364.250000   537.04    29.59       0.356400       0.000000       0.792000     0.000
364.250000  364.291667   536.74    29.38       0.288200      -0.000000       0.594000     0.000
364.291667  364.333333   536.30    29.17       0.264000       0.000000       0.528000     0.000
364.333333  364.375000   536.12    28.98       0.161700       0.000000       0.396000     0.000
364.375000  364.416667   536.15    28.82       0.279400       0.000000       0.660000     0.000
364.416667  364.458333   536.75    28.67       1.026301       0.066000       0.924000     0.000
364.458333  364.500000   537.21    28.63       0.291500       0.000000       0.528000     0.000
364.500000  364.541667   537.80    28.69       0.287100      -0.000000       0.594000     0.000
364.541667  364.583333   538.07    28.90       0.391368       0.066000       0.924000     0.000
364.583333  364.625000   538.11    29.37       0.372508       0.000000       0.858000     0.000
364.625000  364.666667   538.05    29.90       4.694105       1.914000       5.940000     0.000
364.666667  364.708333   537.87    30.09       1.948100       1.122000       2.640000     0.000
364.708333  364.750000   537.33    30.10       0.806793       0.396000       1.254000     0.000
364.750000  364.791667   537.06    30.00       0.462000       0.132000       0.858000     0.000
364.791667  364.833333   537.01    29.86       0.276305       0.000000       0.528000     0.000
364.833333  364.875000   536.84    29.74       0.244200       0.000000       0.594000     0.000
364.875000  364.916667   536.88    29.66       0.398237       0.132000       0.726000     0.000
364.916667  364.958333   537.02    29.67       0.536949       0.066000       1.056000     0.000
364.958333  365.000000   537.18    29.60       0.380339       0.066000       0.792000     0.000
365.000000  365.041667   537.69    29.40       0.425887       0.066000       0.858000     0.000
365.041667  365.083333   538.01    29.17       0.258823       0.000000       0.528000     0.000
365.083333  365.125000   538.34    28.94       0.407000       0.066000       0.924000     0.000
365.125000  365.166667   538.43    28.76       1.389474       0.396000       2.244000     0.000
365.166667  365.208333   538.03    28.62       0.584100       0.264000       0.924000     0.000
365.208333  365.250000   537.63    28.53       0.566500       0.000000       1.122000     0.000
365.250000  365.291667   537.13    28.46       0.459800       0.132000       0.792000     0.000
365.291667  365.333333   536.99    28.39       0.477400       0.132000       0.858000     0.000
365.333333  365.375000   536.94    28.31       0.530200       0.066000       0.924000     0.000
365.375000  365.416667   537.10    28.21       0.455400       0.132000       0.858000     0.000
365.416667  365.458333   537.59    28.10       0.529100       0.198000       0.858000     0.000
365.458333  365.500000   538.05    28.04       0.416900       0.132000       0.792000     0.000
365.500000  365.541667   538.41    28.05       0.431200       0.132000       0.726000     0.000
365.541667  365.583333   538.71    28.30       0.339900       0.000000       0.792000     0.000
365.583333  365.625000   538.65    28.64       0.479600      -0.066000       1.122000     0.000
365.625000  365.666667  9999.99  9999.99  999999.999999  999999.999999  999999.999999     0.999
365.666667  365.708333  9999.99  9999.99  999999.999999  999999.999999  999999.999999     0.999
365.708333  365.750000  9999.99  9999.99  999999.999999  999999.999999  999999.999999     0.999
365.750000  365.791667  9999.99  9999.99  999999.999999  999999.999999  999999.999999     0.999
365.791667  365.833333  9999.99  9999.99  999999.999999  999999.999999  999999.999999     0.999
365.833333  365.875000  9999.99  9999.99  999999.999999  999999.999999  999999.999999     0.999
365.875000  365.916667  9999.99  9999.99  999999.999999  999999.999999  999999.999999     0.999
365.916667  365.958333  9999.99  9999.99  999999.999999  999999.999999  999999.999999     0.999
365.958333  366.000000  9999.99  9999.99  999999.999999  999999.999999  999999.999999     0.999
