data/MAAP/BO0001R.20150101000000.20151231000000.filter_absorption_photometer.aerosol_absorption_coefficient.pm10.1y.1h.BO01L_MAAP_5012_CHACALTAYA_BOLIVIA.NO01L_MAAP_5012.lev2.nas
76 1001
Andrade, Marcos; Zaratti, Francesco
BO01L, Universidad Mayor de San Andrés, UMSA-LAP, Laboratory for Atmospheric Physics, Campus Cota Cota calle 27, Endifico FCPN piso 3, 04680, La Paz, Bolivia
Velarde, Fernando
GAW-WDCA GUAN ACTRIS
1 1
2015 01 01   2016 03 01
0.041667
days from file reference point
7
1 1 1 1 1 1 1
9999.999999 9999.99 9999.99 999999.999999 999999.999999 999999.999999 9.999
end_time of measurement, days from the file reference point
pressure, hPa, Location=instrument internal, Matrix=instrument, Detection limit=, Detection limit expl.=, Measurement uncertainty=
temperature, K, Location=instrument internal, Matrix=instrument, Detection limit=, Detection limit expl.=, Measurement uncertainty=
aerosol_absorption_coefficient, 1/Mm, Wavelength=670.0 nm
aerosol_absorption_coefficient, 1/Mm, Wavelength=670.0 nm, Statistics=percentile:15.87
aerosol_absorption_coefficient, 1/Mm, Wavelength=670.0 nm, Statistics=percentile:84.13
numflag, no unit
0
55
Data definition:              EBAS_1.1
Set type code:                TU
Timezone:                     UTC
File name:                    BO0001R.20150101000000.20151231000000.filter_absorption_photometer.aerosol_absorption_coefficient.pm10.1y.1h.BO01L_MAAP_5012_CHACALTAYA_BOLIVIA.NO01L_MAAP_5012.lev2.nas
File creation:                20160617204933
Startdate:                    20150101000000
Revision date:                20160301000000
Version:                      1
Version description:          initial revision
Statistics:                   arithmetic mean
Data level:                   2
Period code:                  1y
Resolution code:              1h
Sample duration:              1h
Orig. time res.:              1mn
Station code:                 BO0001R
Platform code:                BO0001S
Station name:   	      Chacaltaya Station Atmospheric Monitoring Site	
Station latitude:             -16.35
Station longitude:            -68.13
Station altitude:             5240m
Measurement latitude:         -16.35
Measurement longitude:        -68.13
Measurement altitude:         5240m
Measurement height:           5.0m
Regime:                       
Component:                    aerosol_absorption_coefficient
Unit:                         1/Mm
Matrix:                       pm10
Instrument type:              filter_absorption_photometer
Laboratory code:              BO01L
Instrument name:              MAAP_5012_CHACALTAYA_BOLIVIA
Instrument manufacturer:      Thermo
Instrument model:             5012
Instrument serial number:     None
Method ref:                   NO01L_MAAP_5012
Standard method:              Single-angle_Correction=none
Inlet type:                   Whole-air inlet
Inlet description:            Automatic heater dryer which is activated for Relative Humidity great than 90%, flow 162.00 l/min
Humidity/temperature control: None
Humidity/temperature control description: passive, sample heated from atmospheric to lab temperature
Volume std. temperature:      273.15K
Volume std. pressure:         1013.25hPa
Detection limit:              0.1 1/Mm
Detection limit expl.:        Determined by instrument noise characteristics, no detection limit flag used
Measurement uncertainty:      6.0 %
Measurement uncertainty expl.: typical value of unit-to-unit variability
Zero/negative values code:    Zero/negative possible
Zero/negative values:         Zero and neg. values may appear due to statistical variations at very low concentrations
Originator:                   Andrade, Marcos, mandrade@atmos.umd.edu, Laboratory for Atmospheric Physics, LAP, , Campus Cota Cota calle 27 FCPN Building piso 3, , 4680, La Paz, Bolivia
Originator:                   Zaratti, Francesco, fzaratti@umsa.bo, Laboratory for Atmospheric Physics, LAP, , Campus Cota Cota calle 27 FCPN Building piso 3, , 4680, La Paz, Bolivia
Submitter:                    Velarde, Fernando, fvelarde@chacaltaya.edu.bo, Laboratory for Atmospheric Physics, LAP, , Campus Cota Cota calle 27 FCPN Building piso 3, , 4680, La Paz, Bolivia
Acknowledgement:              Request acknowledgement details from data originator
Comment:                      None
start_time    end_time   p_int      T_int       abs670       abs670pc16     abs670pc84   numflag 
[from data line 3501]
145.875000  145.916667   538.69   308.22       0.363000       0.000000       0.792000     0.000
145.916667  145.958333   538.93   308.23       1.293600       0.396000       2.178000     0.000
145.958333  146.000000   539.05   308.07       0.993300       0.330000       1.518000     0.000
146.000000  146.041667   539.20   307.89       1.202300       0.528000       1.848000     0.000
146.041667  146.083333   539.44   307.70       2.048200       0.858000       3.102000     0.000
146.083333  146.125000   539.68   307.53       0.836000       0.264000       1.386000     0.000
146.125000  146.166667   539.63   307.38       0.697400       0.264000       1.056000     0.000
146.166667  146.208333   539.26   307.25       0.491700       0.066000       0.858000     0.000
146.208333  146.250000   539.09   307.13       0.550000       0.198000       0.858000     0.000
146.250000  146.291667   539.01   307.03       0.807400       0.396000       1.320000     0.000
146.291667  146.333333   538.87   306.93       0.684200       0.264000       1.122000     0.000
146.333333  146.375000   538.74   306.80       0.722700       0.264000       1.320000     0.000
146.375000  146.416667   538.85   306.69       0.621500       0.198000       0.990000     0.000
146.416667  146.458333   538.98   306.56       0.639100       0.198000       1.056000     0.000
146.458333  146.500000   539.23   306.41       0.727100       0.330000       1.188000     0.000
146.500000  146.541667   539.83   306.31       0.620173       0.198000       1.122000     0.000
146.541667  146.583333   540.06   306.36       0.726000       0.264000       1.122000     0.000
146.583333  146.625000   540.09   306.56       0.702308       0.330000       1.122000     0.000
146.625000  146.666667   540.06   306.80       0.603830       0.198000       1.056000     0.000
146.666667  146.708333   539.86   307.06       0.730500       0.396000       1.056000     0.000
146.708333  146.750000   539.31   307.27       0.793650       0.264000       1.320000     0.000
146.750000  146.791667   538.96   307.46       0.648732       0.264000       1.056000     0.000
146.791667  146.833333   538.69   307.65       0.607588       0.132000       1.122000     0.000
146.833333  146.875000   538.75   307.89       0.562941       0.132000       0.924000     0.000
146.875000  146.916667   538.87   308.12       0.651200       0.066000       1.122000     0.000
146.916667  146.958333   539.02   308.22       0.562500       0.132000       0.924000     0.000
146.958333  147.000000   539.35   308.11       0.636240       0.264000       1.056000     0.000
147.000000  147.041667   539.87   307.88       0.618906       0.198000       1.122000     0.000
147.041667  147.083333   540.03   307.57       0.724842       0.330000       1.188000     0.000
147.083333  147.125000   540.10   307.29       1.194601       0.594000       1.650000     0.000
147.125000  147.166667   540.03   307.02       0.950401       0.462000       1.452000     0.000
147.166667  147.208333   540.02   306.78       0.929500       0.462000       1.320000     0.000
147.208333  147.250000   539.88   306.58       0.918500       0.462000       1.452000     0.000
147.250000  147.291667   539.60   306.40       1.002100       0.528000       1.518000     0.000
147.291667  147.333333   539.38   306.24       0.915200       0.264000       1.518000     0.000
147.333333  147.375000   539.30   306.10       1.013100       0.528000       1.518000     0.000
147.375000  147.416667   539.46   306.02       1.149500       0.726000       1.584000     0.000
147.416667  147.458333   539.88   305.97       1.094500       0.660000       1.584000     0.000
147.458333  147.500000   540.04   305.93       1.256200       0.726000       1.848000     0.000
147.500000  147.541667   540.47   305.94       1.681900       1.056000       2.376000     0.000
147.541667  147.583333   540.81   306.09       1.248000       0.594000       1.914000     0.000
147.583333  147.625000   540.77   306.38       1.120882       0.528000       1.782000     0.000
147.625000  147.666667   540.38   306.80       3.149300       1.254000       4.752000     0.000
147.666667  147.708333   539.95   307.24       3.520000       2.112000       4.950000     0.000
147.708333  147.750000   539.37   307.70       1.463000       0.726000       2.178000     0.000
147.750000  147.791667   538.90   308.12       1.207800       0.726000       1.782000     0.000
147.791667  147.833333   538.46   308.43       1.285901       0.990000       1.782000     0.000
147.833333  147.875000   538.31   308.60       1.288678       0.924000       1.650000     0.000
147.875000  147.916667   538.58   308.61       1.049714       0.594000       1.452000     0.000
147.916667  147.958333   538.81   308.51       0.824400       0.396000       1.320000     0.000
147.958333  148.000000   539.06   308.30       0.795474       0.330000       1.386000     0.000
148.000000  148.041667   539.55   308.07       0.627000       0.264000       1.122000     0.000
148.041667  148.083333   539.76   307.79       0.498300       0.198000       0.858000     0.000
148.083333  148.125000   539.87   307.49       0.371800       0.066000       0.726000     0.000
148.125000  148.166667   539.74   307.20       0.408305       0.066000       0.792000     0.000
148.166667  148.208333   539.45   306.94       0.553300       0.198000       0.858000     0.000
148.208333  148.250000   539.18   306.69       0.595100       0.198000       0.924000     0.000
148.250000  148.291667   538.96   306.47       0.633828       0.264000       0.990000     0.000
148.291667  148.333333   538.77   306.27       0.356847       0.000000       0.660000     0.000
148.333333  148.375000   538.73   306.03       0.304271       0.066000       0.660000     0.000
148.375000  148.416667   538.88   305.82       0.682000       0.198000       1.056000     0.000
148.416667  148.458333   539.03   305.67       0.664475       0.264000       0.990000     0.000
148.458333  148.500000   539.17   305.58       0.646800       0.264000       0.924000     0.000
148.500000  148.541667   539.73   305.55       0.844556       0.462000       1.254000     0.000
148.541667  148.583333   540.04   305.66       0.693000       0.198000       1.122000     0.000
148.583333  148.625000   540.07   305.96       0.802353       0.396000       1.320000     0.000
148.625000  148.666667   539.95   306.22       1.262885       0.594000       1.848000     0.000
148.666667  148.708333   539.55   306.48       1.446311       1.056000       1.914000     0.000
148.708333  148.750000   539.01   306.64       1.398100       0.990000       1.848000     0.000
148.750000  148.791667   538.59   306.62       1.277572       0.858000       1.782000     0.000
148.791667  148.833333   538.15   306.65       1.297200       0.726000       1.782000     0.000
148.833333  148.875000   538.10   306.78       1.163250       0.528000       1.782000     0.000
148.875000  148.916667   538.07   307.13       1.104632       0.660000       1.716000     0.000
148.916667  148.958333   538.10   307.54       0.970656       0.462000       1.518000     0.000
148.958333  149.000000   538.30   307.77       0.344520       0.000000       0.660000     0.000
149.000000  149.041667   538.82   307.81       0.324407       0.066000       0.660000     0.000
149.041667  149.083333   539.12   307.70       0.273900       0.000000       0.528000     0.000
149.083333  149.125000   539.34   307.52       0.595100       0.132000       1.056000     0.000
149.125000  149.166667   539.10   307.30       0.749100       0.396000       1.056000     0.000
149.166667  149.208333   539.05   307.07       0.763400       0.330000       1.254000     0.000
149.208333  149.250000   538.89   306.85       0.994400       0.462000       1.518000     0.000
149.250000  149.291667   538.67   306.64       1.030700       0.528000       1.650000     0.000
149.291667  149.333333   538.24   306.45       1.056000       0.594000       1.650000     0.000
149.333333  149.375000   538.13   306.28       0.982300       0.594000       1.452000     0.000
149.375000  149.416667   538.26   306.18       1.177000       0.660000       1.716000     0.000
149.416667  149.458333   538.86   306.13       1.115400       0.660000       1.584000     0.000
149.458333  149.500000   539.06   306.10       1.140700       0.594000       1.848000     0.000
149.500000  149.541667   539.47   306.11       1.073600       0.462000       1.650000     0.000
149.541667  149.583333   539.78   306.25       1.107700       0.594000       1.716000     0.000
149.583333  149.625000   539.77   306.54       1.316700       0.792000       1.848000     0.000
149.625000  149.666667   539.27   306.87       2.629000       1.452000       3.696000     0.000
149.666667  149.708333   538.88   307.20       2.497759       1.848000       3.102000     0.000
149.708333  149.750000   538.23   307.51       2.183501       1.782000       2.574000     0.000
149.750000  149.791667   537.87   307.81       1.586200       1.188000       2.112000     0.000
149.791667  149.833333   537.64   308.15       1.405800       0.924000       1.848000     0.000
149.833333  149.875000   537.48   308.53       1.221000       0.726000       1.650000     0.000
149.875000  149.916667   537.41   308.84       1.005400       0.528000       1.518000     0.000
149.916667  149.958333   537.81   308.99       1.018600       0.660000       1.518000     0.000
149.958333  150.000000   538.06   308.92       0.812900       0.396000       1.254000     0.000
150.000000  150.041667   538.33   308.69       0.819500       0.330000       1.254000     0.000
150.041667  150.083333   538.89   308.39       0.795300       0.330000       1.320000     0.000
150.083333  150.125000   539.10   308.09       0.811800       0.396000       1.254000     0.000
150.125000  150.166667   539.17   307.80       1.097800       0.660000       1.584000     0.000
150.166667  150.208333   539.10   307.54       0.941600       0.396000       1.518000     0.000
150.208333  150.250000   538.99   307.25       1.085700       0.528000       1.584000     0.000
150.250000  150.291667   538.82   306.99       1.322200       0.858000       1.848000     0.000
150.291667  150.333333   538.42   306.76       1.535600       1.122000       1.980000     0.000
150.333333  150.375000   538.24   306.59       1.391500       0.924000       1.848000     0.000
150.375000  150.416667   538.56   306.49       1.015300       0.594000       1.518000     0.000
150.416667  150.458333   538.85   306.42       0.910800       0.396000       1.452000     0.000
150.458333  150.500000   539.23   306.36       0.848100       0.264000       1.386000     0.000
150.500000  150.541667   539.97   306.35       0.728200       0.066000       1.254000     0.000
150.541667  150.583333   540.37   306.45       0.981200       0.528000       1.320000     0.000
150.583333  150.625000   540.54   306.66       0.953700       0.528000       1.386000     0.000
150.625000  150.666667   540.32   306.91       1.026300       0.462000       1.518000     0.000
150.666667  150.708333   540.01   307.24       0.955900       0.462000       1.518000     0.000
150.708333  150.750000   539.59   307.60       1.204500       0.528000       1.782000     0.000
150.750000  150.791667   539.10   307.91       1.119800       0.528000       1.650000     0.000
150.791667  150.833333   538.91   308.20       0.898700       0.396000       1.386000     0.000
150.833333  150.875000   538.84   308.49       0.842600       0.396000       1.254000     0.000
150.875000  150.916667   538.85   308.73       0.685300       0.198000       1.188000     0.000
150.916667  150.958333   538.98   308.86       0.665500       0.198000       1.188000     0.000
150.958333  151.000000   539.34   308.79       0.734800       0.264000       1.188000     0.000
151.000000  151.041667   539.90   308.58       0.683100       0.264000       1.122000     0.000
151.041667  151.083333   540.16   308.31       0.733700       0.264000       1.188000     0.000
151.083333  151.125000   540.57   308.04       0.908600       0.462000       1.320000     0.000
151.125000  151.166667   540.67   307.83       0.958100       0.462000       1.518000     0.000
151.166667  151.208333   540.51   307.64       1.215500       0.594000       1.650000     0.000
151.208333  151.250000   540.12   307.46       1.071400       0.594000       1.650000     0.000
151.250000  151.291667   539.94   307.29       0.674300       0.132000       1.188000     0.000
151.291667  151.333333   539.64   307.16       0.553300       0.198000       0.990000     0.000
151.333333  151.375000   539.70   307.05       0.567600       0.198000       0.990000     0.000
151.375000  151.416667   539.80   307.01       0.643500       0.264000       1.056000     0.000
151.416667  151.458333   539.93   307.01       0.821700       0.462000       1.254000     0.000
151.458333  151.500000   540.17   307.03       0.888800       0.396000       1.254000     0.000
151.500000  151.541667   540.79   307.09       0.799700       0.198000       1.452000     0.000
151.541667  151.583333   541.05   307.23       0.852500       0.462000       1.320000     0.000
151.583333  151.625000   541.07   307.37       1.020556       0.594000       1.650000     0.000
151.625000  151.666667   541.00   307.35       2.417556       1.716000       3.168000     0.000
151.666667  151.708333   540.70   307.36       3.578300       2.112000       4.818000     0.000
151.708333  151.750000   540.10   307.49       1.360700       0.990000       1.914000     0.000
151.750000  151.791667   539.81   307.62       0.992200       0.594000       1.452000     0.000
151.791667  151.833333   539.32   307.72       0.917400       0.528000       1.320000     0.000
151.833333  151.875000   539.12   307.98       0.719400       0.396000       1.122000     0.000
151.875000  151.916667   539.20   308.25       0.801900       0.396000       1.188000     0.000
151.916667  151.958333   539.57   308.26       0.799700       0.330000       1.122000     0.000
151.958333  152.000000   539.94   308.11       0.500500       0.066000       0.924000     0.000
152.000000  152.041667   540.28   307.87       0.679800       0.198000       1.188000     0.000
152.041667  152.083333   540.80   307.61       0.904800       0.594000       1.254000     0.000
152.083333  152.125000   540.94   307.35       1.537500       0.990000       1.914000     0.000
152.125000  152.166667   540.86   307.15       2.324348       1.518000       2.970000     0.000
152.166667  152.208333   540.65   306.99       1.861814       0.990000       2.574000     0.000
152.208333  152.250000   540.50   306.83       1.266100       0.792000       1.716000     0.000
152.250000  152.291667   540.24   306.64       1.160500       0.660000       1.584000     0.000
152.291667  152.333333   540.06   306.47       1.469434       1.056000       1.980000     0.000
152.333333  152.375000   540.04   306.28       0.975333       0.528000       1.518000     0.000
152.375000  152.416667   540.03   306.18       0.641850       0.264000       1.056000     0.000
152.416667  152.458333   540.29   306.11       0.729219       0.330000       1.188000     0.000
152.458333  152.500000   540.80   306.07       0.594000       0.198000       0.990000     0.000
152.500000  152.541667   540.99   306.08       0.573375       0.066000       1.122000     0.000
152.541667  152.583333   541.40   306.21       0.816444       0.462000       1.254000     0.000
152.583333  152.625000   541.56   306.48       0.948750       0.594000       1.452000     0.000
152.625000  152.666667   541.19   306.91       2.717379       0.990000       4.158000     0.000
152.666667  152.708333   540.83   307.35      18.188923      14.916000      21.318001     0.000
152.708333  152.750000   540.12   307.80       8.767000       5.808000      12.870000     0.000
