data/MAAP/BO0001R.20170101000000.20171231000000.filter_absorption_photometer.aerosol_absorption_coefficient.pm10.1y.1h.BO01L_MAAP_5012_CHACALTAYA_BOLIVIA.NO01L_MAAP_5012.lev2.nas
76 1001
Andrade, Marcos; Zaratti, Francesco
BO01L, Universidad Mayor de San Andrés, UMSA-LAP, Laboratory for Atmospheric Physics, Campus Cota Cota calle 27, Endifico FCPN piso 3, 04680, La Paz, Bolivia
Velarde, Fernando
GAW-WDCA GUAN ACTRIS
1 1
2017 01 01   2018 03 01
0.041667
days from file reference point
7
1 1 1 1 1 1 1
9999.999999 9999.99 9999.99 999999.999999 999999.999999 999999.999999 9.999
end_time of measurement, days from the file reference point
pressure, hPa, Location=instrument internal, Matrix=instrument, Detection limit=, Detection limit expl.=, Measurement uncertainty=
temperature, K, Location=instrument internal, Matrix=instrument, Detection limit=, Detection limit expl.=, Measurement uncertainty=
aerosol_absorption_coefficient, 1/Mm, Wavelength=670.0 nm
aerosol_absorption_coefficient, 1/Mm, Wavelength=670.0 nm, Statistics=percentile:15.87
aerosol_absorption_coefficient, 1/Mm, Wavelength=670.0 nm, Statistics=percentile:84.13
numflag, no unit
0
55
Data definition:              EBAS_1.1
Set type code:                TU
Timezone:                     UTC
File name:                    BO0001R.20170101000000.20171231000000.filter_absorption_photometer.aerosol_absorption_coefficient.pm10.1y.1h.BO01L_MAAP_5012_CHACALTAYA_BOLIVIA.NO01L_MAAP_5012.lev2.nas
File creation:                20180412184446
Startdate:                    20170101000000
Revision date:                20180301000000
Version:                      1
Version description:          initial revision
Statistics:                   arithmetic mean
Data level:                   2
Period code:                  1y
Resolution code:              1h
Sample duration:              1h
Orig. time res.:              1mn
Station code:                 BO0001R
Platform code:                BO0001S
Station name:   	      Chacaltaya Station Atmospheric Monitoring Site	
Station latitude:             -16.35
Station longitude:            -68.13
Station altitude:             5240m
Measurement latitude:         -16.35
Measurement longitude:        -68.13
Measurement altitude:         5240m
Measurement height:           5.0m
Regime:                       
Component:                    aerosol_absorption_coefficient
Unit:                         1/Mm
Matrix:                       pm10
Instrument type:              filter_absorption_photometer
Laboratory code:              BO01L
Instrument name:              MAAP_5012_CHACALTAYA_BOLIVIA
Instrument manufacturer:      Thermo
Instrument model:             5012
Instrument serial number:     None
Method ref:                   NO01L_MAAP_5012
Standard method:              Single-angle_Correction=none
Inlet type:                   Whole Air
Inlet description:            Automatic heater dryer which is activated for Relative Humidity great than 90%, flow 162.00 l/min
Humidity/temperature control: None
Humidity/temperature control description: "active, sample heated from atmospheric to lab temperature"
Volume std. temperature:      291.15K
Volume std. pressure:         1013.00hPa
Detection limit:              0.1 1/Mm
Detection limit expl.:        Determined by instrument noise characteristics, no detection limit flag used
Measurement uncertainty:      6.0 %
Measurement uncertainty expl.: typical value of unit-to-unit variability
Zero/negative values code:    Zero/negative possible
Zero/negative values:         Zero and neg. values may appear due to statistical variations at very low concentrations
Originator:                   Andrade, Marcos, mandrade@atmos.umd.edu, Laboratory for Atmospheric Physics, LAP, , Campus Cota Cota calle 27 FCPN Building piso 3, , 4680, La Paz, Bolivia
Originator:                   Zaratti, Francesco, fzaratti@umsa.bo, Laboratory for Atmospheric Physics, LAP, , Campus Cota Cota calle 27 FCPN Building piso 3, , 4680, La Paz, Bolivia
Submitter:                    Velarde, Fernando, fvelarde@chacaltaya.edu.bo, Laboratory for Atmospheric Physics, LAP, , Campus Cota Cota calle 27 FCPN Building piso 3, , 4680, La Paz, Bolivia
Acknowledgement:              Request acknowledgement details from data originator
Comment:                      None
start_time    end_time   p_int      T_int       abs670       abs670pc16     abs670pc84   numflag 
[from data line 5667]
236.125000  236.166667   539.66   291.67       2.276441       1.716000       2.970000     0.000
236.166667  236.208333   539.54   291.47       1.316700       0.924000       1.716000     0.000
236.208333  236.250000   539.13   291.24       1.769695       1.254000       2.178000     0.000
236.250000  236.291667   538.85   291.05       1.751200       1.320000       2.178000     0.000
236.291667  236.333333   538.51   290.86       1.635700       1.122000       2.112000     0.000
236.333333  236.375000   538.58   290.68       1.652237       1.188000       2.046000     0.000
236.375000  236.416667   538.85   290.49       1.387100       0.990000       1.782000     0.000
236.416667  236.458333   539.05   290.30       1.598300       1.122000       2.046000     0.000
236.458333  236.500000   539.57   290.19       1.606373       1.188000       2.046000     0.000
236.500000  236.541667   540.00   290.16       1.472900       0.990000       1.914000     0.000
236.541667  236.583333   540.44   295.07       2.072400       1.584000       2.508000     0.000
236.583333  236.625000   540.75   290.96       2.376000       1.914000       2.772000     0.000
236.625000  236.666667   540.53   291.09      10.963616       6.006000      14.717999     0.000
236.666667  236.708333   540.14   291.31      14.278374      12.078000      16.566000     0.000
236.708333  236.750000   539.83   296.16      10.482814       6.864000      14.190001     0.000
236.750000  236.791667   539.10   292.00      10.486299       7.722000      12.606000     0.000
236.791667  236.833333   538.87   292.38       6.116745       3.828000       8.844000     0.000
236.833333  236.875000   538.83   292.53       2.972200       1.980000       4.620000     0.000
236.875000  236.916667   538.88   292.79       2.312201       1.914000       2.772000     0.000
236.916667  236.958333   538.99   292.90       2.574000       1.848000       3.168000     0.000
236.958333  237.000000   539.13   292.58       1.602700       0.726000       2.376000     0.000
237.000000  237.041667   539.53   292.17       0.928475       0.396000       1.386000     0.000
237.041667  237.083333   539.92   291.85       1.351900       0.726000       1.914000     0.000
237.083333  237.125000   540.13   291.58       1.179051       0.660000       1.782000     0.000
237.125000  237.166667   540.20   291.31       1.040600       0.462000       1.650000     0.000
237.166667  237.208333   540.03   295.69       1.466543       0.726000       1.848000     0.000
237.208333  237.250000   539.74   290.89       1.370600       0.858000       1.914000     0.000
237.250000  237.291667   539.31   290.74       1.071661       0.594000       1.518000     0.000
237.291667  237.333333   539.09   290.54       1.372801       0.792000       1.980000     0.000
237.333333  237.375000   539.06   290.36       1.708300       0.990000       2.310000     0.000
237.375000  237.416667   539.24   290.19       2.214916       1.518000       2.772000     0.000
237.416667  237.458333   539.70   290.05       2.060300       1.584000       2.574000     0.000
237.458333  237.500000   539.89   289.92       1.883276       1.188000       2.442000     0.000
237.500000  237.541667   540.08   289.92       1.535899       1.188000       1.980000     0.000
237.541667  237.583333   540.67   290.35       2.302300       1.848000       2.970000     0.000
237.583333  237.625000   540.92   290.93       8.701931       4.422000      14.256001     0.000
237.625000  237.666667   540.78   291.37      21.872398      20.790001      23.034000     0.000
237.666667  237.708333   540.34   291.63      11.230067       8.910000      16.632000     0.000
237.708333  237.750000   539.96   291.79       9.201964       6.864000      13.068000     0.000
237.750000  237.791667   539.43   291.99      10.704102       9.042000      12.540000     0.000
237.791667  237.833333   539.11   292.21       7.632507       6.204000       8.646000     0.000
237.833333  237.875000   539.03   292.55       7.040000       4.158000       8.514000     0.000
237.875000  237.916667   539.06   292.76       4.686000       3.432000       6.006000     0.000
237.916667  237.958333   539.33   292.68       3.401797       3.036000       3.696000     0.000
237.958333  238.000000   539.89   292.41       3.274699       2.772000       3.828000     0.000
238.000000  238.041667   540.04   292.07       2.506901       2.046000       2.970000     0.000
238.041667  238.083333   540.21   291.79       3.260848       2.838000       3.762000     0.000
238.083333  238.125000   540.51   291.55       3.819052       3.366000       4.158000     0.000
238.125000  238.166667   540.56   291.34       3.615458       3.234000       3.894000     0.000
238.166667  238.208333   540.22   291.15       4.431900       3.762000       5.478000     0.000
238.208333  238.250000   539.98   290.98       4.697186       3.300000       5.874000     0.000
238.250000  238.291667   539.67   290.83       3.671800       2.772000       4.488000     0.000
238.291667  238.333333   539.24   290.67       3.734500       3.432000       4.026000     0.000
238.333333  238.375000   539.13   290.53       2.999085       2.376000       3.696000     0.000
238.375000  238.416667   539.23   290.36       3.099800       2.838000       3.366000     0.000
238.416667  238.458333   539.76   290.16       2.831288       2.178000       3.498000     0.000
238.458333  238.500000   540.03   290.01       2.853400       2.442000       3.300000     0.000
238.500000  238.541667   540.53   289.98       2.642238       2.178000       3.102000     0.000
238.541667  238.583333   540.96   290.38       3.429800       2.772000       4.290000     0.000
238.583333  238.625000   541.04   290.92       3.088800       1.980000       4.224000     0.000
238.625000  238.666667   540.89   291.23      10.697595       8.844000      12.606000     0.000
238.666667  238.708333   540.52   291.42      10.982402       9.372000      12.804000     0.000
238.708333  238.750000   540.00   291.64       8.252200       6.995999       9.438000     0.000
238.750000  238.791667   539.41   291.88       6.636915       6.204000       7.128000     0.000
238.791667  238.833333   539.01   292.37       6.299700       5.478000       7.128000     0.000
238.833333  238.875000   538.96   292.71       4.348169       2.970000       5.016000     0.000
238.875000  238.916667   539.00   292.83       4.049492       2.706000       3.828000     0.000
238.916667  238.958333   539.07   292.86       3.117400       2.574000       3.828000     0.000
238.958333  239.000000   539.48   292.63       2.811153       2.310000       3.366000     0.000
239.000000  239.041667   539.89   292.29       2.680701       2.178000       3.234000     0.000
239.041667  239.083333   540.09   292.02       3.393310       3.036000       3.762000     0.000
239.083333  239.125000   540.20   291.74       4.162401       3.762000       4.554000     0.000
239.125000  239.166667   540.24   291.47       3.320136       2.640000       4.026000     0.000
239.166667  239.208333   540.06   291.21       2.285800       1.782000       2.970000     0.000
239.208333  239.250000   539.90   290.98       1.671522       0.858000       2.376000     0.000
239.250000  239.291667   539.75   290.76       1.663200       1.320000       2.112000     0.000
239.291667  239.333333   539.50   290.59       0.917288       0.396000       1.452000     0.000
239.333333  239.375000   539.35   290.45       0.929500       0.528000       1.386000     0.000
239.375000  239.416667   539.74   290.28       1.141017       0.594000       1.650000     0.000
239.416667  239.458333   540.01   290.09       0.810700       0.330000       1.254000     0.000
239.458333  239.500000   540.55   289.91       0.851288       0.462000       1.320000     0.000
239.500000  239.541667   540.91   289.91       0.785400       0.396000       1.122000     0.000
239.541667  239.583333   541.13   290.32       1.596100       0.726000       2.310000     0.000
239.583333  239.625000   541.48   290.39       1.615322       0.528000       2.178000     0.000
239.625000  239.666667   541.33   290.66       0.867900       0.330000       1.518000     0.000
239.666667  239.708333   541.04   290.93       1.044814       0.528000       1.650000     0.000
239.708333  239.750000   540.75   291.52       0.821085       0.132000       1.782000     0.000
239.750000  239.791667   540.04   292.19       0.863593       0.264000       1.452000     0.000
239.791667  239.833333   539.81   292.87       1.241900       0.594000       1.914000     0.000
239.833333  239.875000   539.76   293.10       0.685729      -0.198000       1.584000     0.000
239.875000  239.916667   539.69   293.23       0.437390      -0.264000       1.188000     0.000
239.916667  239.958333   539.70   293.24      -0.051458      -0.660000       0.396000     0.000
239.958333  240.000000   539.99   292.81      -0.080300      -0.264000       0.132000     0.000
240.000000  240.041667   540.53   292.32       0.080300      -0.198000       0.396000     0.000
240.041667  240.083333   540.96   291.91       0.149600      -0.264000       0.594000     0.000
240.083333  240.125000   541.07   291.51       0.044746      -0.132000       0.198000     0.000
240.125000  240.166667   541.12   291.21       0.026400      -0.198000       0.132000     0.000
240.166667  240.208333   541.07   290.93       0.081661      -0.132000       0.264000     0.000
240.208333  240.250000   540.84   290.69       0.011000      -0.132000       0.132000     0.000
240.250000  240.291667   540.43   290.48       0.038500      -0.132000       0.330000     0.000
240.291667  240.333333   540.15   290.32       0.092847      -0.066000       0.396000     0.000
240.333333  240.375000   540.09   290.15       0.116600      -0.132000       0.528000     0.000
240.375000  240.416667   540.39   289.97       0.119900      -0.066000       0.330000     0.000
240.416667  240.458333   540.91   289.83       0.006712      -0.066000       0.066000     0.000
240.458333  240.500000   541.29   289.72       0.085800      -0.264000       0.462000     0.000
240.500000  240.541667   541.82   289.77       0.077186      -0.396000       0.594000     0.000
240.541667  240.583333   542.17   290.17       1.078000       0.330000       1.716000     0.000
240.583333  240.625000   542.39   290.63       3.054857       1.254000       6.600000     0.000
240.625000  240.666667   542.17   291.14       6.091800       5.544000       6.666000     0.000
240.666667  240.708333   541.90   291.49       2.940916       1.716000       4.026000     0.000
240.708333  240.750000   541.51   291.88       0.607424      -0.000000       1.254000     0.000
240.750000  240.791667   541.03   292.45       0.617100       0.066000       1.122000     0.000
240.791667  240.833333   540.94   292.87       1.628880       0.990000       2.244000     0.000
240.833333  240.875000  9999.99  9999.99  999999.999999  999999.999999  999999.999999     0.999
240.875000  240.916667  9999.99  9999.99  999999.999999  999999.999999  999999.999999     0.999
240.916667  240.958333  9999.99  9999.99  999999.999999  999999.999999  999999.999999     0.999
240.958333  241.000000  9999.99  9999.99  999999.999999  999999.999999  999999.999999     0.999
241.000000  241.041667  9999.99  9999.99  999999.999999  999999.999999  999999.999999     0.999
241.041667  241.083333  9999.99  9999.99  999999.999999  999999.999999  999999.999999     0.999
241.083333  241.125000  9999.99  9999.99  999999.999999  999999.999999  999999.999999     0.999
241.125000  241.166667  9999.99  9999.99  999999.999999  999999.999999  999999.999999     0.999
241.166667  241.208333  9999.99  9999.99  999999.999999  999999.999999  999999.999999     0.999
241.208333  241.250000  9999.99  9999.99  999999.999999  999999.999999  999999.999999     0.999
241.250000  241.291667  9999.99  9999.99  999999.999999  999999.999999  999999.999999     0.999
241.291667  241.333333  9999.99  9999.99  999999.999999  999999.999999  999999.999999     0.999
241.333333  241.375000  9999.99  9999.99  999999.999999  999999.999999  999999.999999     0.999
241.375000  241.416667  9999.99  9999.99  999999.999999  999999.999999  999999.999999     0.999
241.416667  241.458333  9999.99  9999.99  999999.999999  999999.999999  999999.999999     0.999
241.458333  241.500000  9999.99  9999.99  999999.999999  999999.999999  999999.999999     0.999
241.500000  241.541667  9999.99  9999.99  999999.999999  999999.999999  999999.999999     0.999
241.541667  241.583333  9999.99  9999.99  999999.999999  999999.999999  999999.999999     0.999
241.583333  241.625000  9999.99  9999.99  999999.999999  999999.999999  999999.999999     0.999
241.625000  241.666667  9999.99  9999.99  999999.999999  999999.999999  999999.999999     0.999
241.666667  241.708333  9999.99  9999.99  999999.999999  999999.999999  999999.999999     0.999
241.708333  241.750000  9999.99  9999.99  999999.999999  999999.999999  999999.999999     0.999
241.750000  241.791667  9999.99  9999.99  999999.999999  999999.999999  999999.999999     0.999
241.791667  241.833333  9999.99  9999.99  999999.999999  999999.999999  999999.999999     0.999
241.833333  241.875000  9999.99  9999.99  999999.999999  999999.999999  999999.999999     0.999
241.875000  241.916667  9999.99  9999.99  999999.999999  999999.999999  999999.999999     0.999
241.916667  241.958333  9999.99  9999.99  999999.999999  999999.999999  999999.999999     0.999
241.958333  242.000000  9999.99  9999.99  999999.999999  999999.999999  999999.999999     0.999
242.000000  242.041667  9999.99  9999.99  999999.999999  999999.999999  999999.999999     0.999
242.041667  242.083333  9999.99  9999.99  999999.999999  999999.999999  999999.999999     0.999
242.083333  242.125000  9999.99  9999.99  999999.999999  999999.999999  999999.999999     0.999
242.125000  242.166667  9999.99  9999.99  999999.999999  999999.999999  999999.999999     0.999
242.166667  242.208333  9999.99  9999.99  999999.999999  999999.999999  999999.999999     0.999
242.208333  242.250000  9999.99  9999.99  999999.999999  999999.999999  999999.999999     0.999
242.250000  242.291667  9999.99  9999.99  999999.999999  999999.999999  999999.999999     0.999
242.291667  242.333333  9999.99  9999.99  999999.999999  999999.999999  999999.999999     0.999
242.333333  242.375000  9999.99  9999.99  999999.999999  999999.999999  999999.999999     0.999
242.375000  242.416667  9999.99  9999.99  999999.999999  999999.999999  999999.999999     0.999
242.416667  242.458333  9999.99  9999.99  999999.999999  999999.999999  999999.999999     0.999
242.458333  242.500000  9999.99  9999.99  999999.999999  999999.999999  999999.999999     0.999
242.500000  242.541667  9999.99  9999.99  999999.999999  999999.999999  999999.999999     0.999
242.541667  242.583333  9999.99  9999.99  999999.999999  999999.999999  999999.999999     0.999
242.583333  242.625000  9999.99  9999.99  999999.999999  999999.999999  999999.999999     0.999
242.625000  242.666667  9999.99  9999.99  999999.999999  999999.999999  999999.999999     0.999
242.666667  242.708333  9999.99  9999.99  999999.999999  999999.999999  999999.999999     0.999
242.708333  242.750000  9999.99  9999.99  999999.999999  999999.999999  999999.999999     0.999
242.750000  242.791667  9999.99  9999.99  999999.999999  999999.999999  999999.999999     0.999
242.791667  242.833333  9999.99  9999.99  999999.999999  999999.999999  999999.999999     0.999
242.833333  242.875000  9999.99  9999.99  999999.999999  999999.999999  999999.999999     0.999
242.875000  242.916667  9999.99  9999.99  999999.999999  999999.999999  999999.999999     0.999
242.916667  242.958333  9999.99  9999.99  999999.999999  999999.999999  999999.999999     0.999
242.958333  243.000000  9999.99  9999.99  999999.999999  999999.999999  999999.999999     0.999
243.000000  243.041667  9999.99  9999.99  999999.999999  999999.999999  999999.999999     0.999
