data/MAAP/BO0001R.20150101000000.20151231000000.filter_absorption_photometer.aerosol_absorption_coefficient.pm10.1y.1h.BO01L_MAAP_5012_CHACALTAYA_BOLIVIA.NO01L_MAAP_5012.lev2.nas
76 1001
Andrade, Marcos; Zaratti, Francesco
BO01L, Universidad Mayor de San Andrés, UMSA-LAP, Laboratory for Atmospheric Physics, Campus Cota Cota calle 27, Endifico FCPN piso 3, 04680, La Paz, Bolivia
Velarde, Fernando
GAW-WDCA GUAN ACTRIS
1 1
2015 01 01   2016 03 01
0.041667
days from file reference point
7
1 1 1 1 1 1 1
9999.999999 9999.99 9999.99 999999.999999 999999.999999 999999.999999 9.999
end_time of measurement, days from the file reference point
pressure, hPa, Location=instrument internal, Matrix=instrument, Detection limit=, Detection limit expl.=, Measurement uncertainty=
temperature, K, Location=instrument internal, Matrix=instrument, Detection limit=, Detection limit expl.=, Measurement uncertainty=
aerosol_absorption_coefficient, 1/Mm, Wavelength=670.0 nm
aerosol_absorption_coefficient, 1/Mm, Wavelength=670.0 nm, Statistics=percentile:15.87
aerosol_absorption_coefficient, 1/Mm, Wavelength=670.0 nm, Statistics=percentile:84.13
numflag, no unit
0
55
Data definition:              EBAS_1.1
Set type code:                TU
Timezone:                     UTC
File name:                    BO0001R.20150101000000.20151231000000.filter_absorption_photometer.aerosol_absorption_coefficient.pm10.1y.1h.BO01L_MAAP_5012_CHACALTAYA_BOLIVIA.NO01L_MAAP_5012.lev2.nas
File creation:                20160617204933
Startdate:                    20150101000000
Revision date:                20160301000000
Version:                      1
Version description:          initial revision
Statistics:                   arithmetic mean
Data level:                   2
Period code:                  1y
Resolution code:              1h
Sample duration:              1h
Orig. time res.:              1mn
Station code:                 BO0001R
Platform code:                BO0001S
Station name:   	      Chacaltaya Station Atmospheric Monitoring Site	
Station latitude:             -16.35
Station longitude:            -68.13
Station altitude:             5240m
Measurement latitude:         -16.35
Measurement longitude:        -68.13
Measurement altitude:         5240m
Measurement height:           5.0m
Regime:                       
Component:                    aerosol_absorption_coefficient
Unit:                         1/Mm
Matrix:                       pm10
Instrument type:              filter_absorption_photometer
Laboratory code:              BO01L
Instrument name:              MAAP_5012_CHACALTAYA_BOLIVIA
Instrument manufacturer:      Thermo
Instrument model:             5012
Instrument serial number:     None
Method ref:                   NO01L_MAAP_5012
Standard method:              Single-angle_Correction=none
Inlet type:                   Whole-air inlet
Inlet description:            Automatic heater dryer which is activated for Relative Humidity great than 90%, flow 162.00 l/min
Humidity/temperature control: None
Humidity/temperature control description: passive, sample heated from atmospheric to lab temperature
Volume std. temperature:      273.15K
Volume std. pressure:         1013.25hPa
Detection limit:              0.1 1/Mm
Detection limit expl.:        Determined by instrument noise characteristics, no detection limit flag used
Measurement uncertainty:      6.0 %
Measurement uncertainty expl.: typical value of unit-to-unit variability
Zero/negative values code:    Zero/negative possible
Zero/negative values:         Zero and neg. values may appear due to statistical variations at very low concentrations
Originator:                   Andrade, Marcos, mandrade@atmos.umd.edu, Laboratory for Atmospheric Physics, LAP, , Campus Cota Cota calle 27 FCPN Building piso 3, , 4680, La Paz, Bolivia
Originator:                   Zaratti, Francesco, fzaratti@umsa.bo, Laboratory for Atmospheric Physics, LAP, , Campus Cota Cota calle 27 FCPN Building piso 3, , 4680, La Paz, Bolivia
Submitter:                    Velarde, Fernando, fvelarde@chacaltaya.edu.bo, Laboratory for Atmospheric Physics, LAP, , Campus Cota Cota calle 27 FCPN Building piso 3, , 4680, La Paz, Bolivia
Acknowledgement:              Request acknowledgement details from data originator
Comment:                      None
start_time    end_time   p_int      T_int       abs670       abs670pc16     abs670pc84   numflag 
[from data line 3001]
125.041667  125.083333   540.29   307.95       3.295368       2.772000       3.894000     0.000
125.083333  125.125000   540.65   307.58       2.603700       2.178000       3.036000     0.000
125.125000  125.166667   540.82   307.22       2.466200       2.046000       2.838000     0.000
125.166667  125.208333   540.86   306.89       3.517800       3.036000       4.026000     0.000
125.208333  125.250000   540.72   306.58       3.869800       3.036000       5.016000     0.000
125.250000  125.291667   540.44   306.27       2.997500       2.046000       4.026000     0.000
125.291667  125.333333   540.08   306.00       1.378300       0.792000       1.914000     0.000
125.333333  125.375000   540.04   305.75       0.799700       0.264000       1.188000     0.000
125.375000  125.416667   540.03   305.57       0.645700       0.198000       0.990000     0.000
125.416667  125.458333   540.16   305.43       0.477400       0.132000       0.726000     0.000
125.458333  125.500000   540.67   305.32       0.487300       0.066000       0.858000     0.000
125.500000  125.541667   540.94   305.26       0.519200       0.132000       0.792000     0.000
125.541667  125.583333   541.28   305.35       0.662200       0.066000       1.320000     0.000
125.583333  125.625000   541.38   305.61       1.104401       0.264000       1.782000     0.000
125.625000  125.666667   541.06   306.00       4.362600       0.000000      13.134000     0.000
125.666667  125.708333   540.74   306.51      13.506901       9.570000      17.952000     0.000
125.708333  125.750000   540.09   307.03      12.258928       8.778000      15.444000     0.000
125.750000  125.791667   539.72   307.49       1.989900       0.330000       3.168000     0.000
125.791667  125.833333   539.10   307.89       0.426800       0.066000       0.858000     0.000
125.833333  125.875000   539.00   308.32       0.261800      -0.132000       0.660000     0.000
125.875000  125.916667   539.03   308.60       0.218900       0.000000       0.462000     0.000
125.916667  125.958333   539.09   308.69       0.178200      -0.000000       0.396000     0.000
125.958333  126.000000   539.23   308.54       0.132000      -0.000000       0.264000     0.000
126.000000  126.041667   539.81   308.22       0.123200      -0.132000       0.462000     0.000
126.041667  126.083333   540.00   307.78       0.185900       0.000000       0.396000     0.000
126.083333  126.125000   540.01   307.33       0.191400      -0.066000       0.396000     0.000
126.125000  126.166667   539.98   306.88       0.135300      -0.132000       0.462000     0.000
126.166667  126.208333   539.75   306.46       0.126500      -0.132000       0.396000     0.000
126.208333  126.250000   539.15   306.05       0.056100      -0.132000       0.198000     0.000
126.250000  126.291667   539.00   305.71       0.136400      -0.198000       0.660000     0.000
126.291667  126.333333   538.76   305.41       0.059400      -0.198000       0.198000     0.000
126.333333  126.375000   538.55   305.15       0.105600      -0.066000       0.330000     0.000
126.375000  126.416667   538.60   305.00       0.118800      -0.066000       0.330000     0.000
126.416667  126.458333   538.93   304.93       0.022000      -0.066000       0.132000     0.000
126.458333  126.500000   539.34   304.92       0.047300      -0.000000       0.132000     0.000
126.500000  126.541667   539.92   305.01       0.053900      -0.066000       0.198000     0.000
126.541667  126.583333   540.17   305.16       0.002200      -0.198000       0.198000     0.000
126.583333  126.625000   540.48   305.44       0.705100      -0.066000       1.848000     0.000
126.625000  126.666667   540.20   305.80       2.852300       2.178000       3.432000     0.000
126.666667  126.708333   540.01   306.13       0.408100       0.000000       0.858000     0.000
126.708333  126.750000   539.84   306.34       0.115500       0.000000       0.330000     0.000
126.750000  126.791667   539.30   306.56       0.130900      -0.066000       0.462000     0.000
126.791667  126.833333   538.96   306.79       0.162800       0.000000       0.528000     0.000
126.833333  126.875000   538.89   307.02       0.283800       0.000000       0.528000     0.000
126.875000  126.916667   538.93   307.07       0.192500       0.000000       0.330000     0.000
126.916667  126.958333   539.20   306.98       0.299797      -0.000000       0.462000     0.000
126.958333  127.000000   539.83   306.75       0.821700       0.330000       1.320000     0.000
127.000000  127.041667   540.43   306.49       0.383900       0.066000       0.726000     0.000
127.041667  127.083333   540.85   306.21       0.390500       0.066000       0.726000     0.000
127.083333  127.125000   540.92   305.95       0.575300       0.132000       0.990000     0.000
127.125000  127.166667   540.81   305.69       0.913000       0.462000       1.320000     0.000
127.166667  127.208333   540.51   305.47       1.023000       0.594000       1.518000     0.000
127.208333  127.250000   540.06   305.28       1.125300       0.726000       1.452000     0.000
127.250000  127.291667   539.90   305.10       1.100001       0.594000       1.716000     0.000
127.291667  127.333333   539.67   304.94       0.873400       0.396000       1.452000     0.000
127.333333  127.375000   539.39   304.85       0.786500       0.396000       1.188000     0.000
127.375000  127.416667   539.50   304.83       0.809600       0.396000       1.188000     0.000
127.416667  127.458333   539.83   304.87       0.830690       0.396000       1.254000     0.000
127.458333  127.500000   540.13   304.93       0.941600       0.594000       1.386000     0.000
127.500000  127.541667   540.55   305.04       1.050500       0.594000       1.518000     0.000
127.541667  127.583333   540.92   305.26       1.258400       0.594000       1.848000     0.000
127.583333  127.625000   541.01   305.53       2.711500       1.716000       3.300000     0.000
127.625000  127.666667   540.90   305.72      11.602801       8.976000      14.388000     0.000
127.666667  127.708333   540.57   306.08      11.353102       7.854000      14.322000     0.000
127.708333  127.750000   540.08   306.34       4.616644       3.498000       6.072000     0.000
127.750000  127.791667   539.94   306.11       3.036000       2.178000       3.828000     0.000
127.791667  127.833333   539.82   305.94       1.954965       1.254000       2.508000     0.000
127.833333  127.875000   539.47   305.94       1.734150       1.320000       2.112000     0.000
127.875000  127.916667   539.58   306.02       1.161600       0.726000       1.650000     0.000
127.916667  127.958333   539.86   306.16       0.863500       0.396000       1.254000     0.000
127.958333  128.000000   540.05   306.20       0.902000       0.462000       1.320000     0.000
128.000000  128.041667   540.62   306.15       1.534500       1.056000       2.046000     0.000
128.041667  128.083333   540.85   306.04       0.847000       0.396000       1.320000     0.000
128.083333  128.125000   540.87   305.89       1.192400       0.792000       1.716000     0.000
128.125000  128.166667   540.87   305.75       3.192200       2.112000       4.290000     0.000
128.166667  128.208333   540.72   305.67       3.091001       2.310000       4.158000     0.000
128.208333  128.250000   540.23   305.60       1.750100       1.320000       2.178000     0.000
128.250000  128.291667   539.98   305.53       1.716000       1.056000       2.244000     0.000
128.291667  128.333333   539.84   305.47       1.433300       0.990000       1.980000     0.000
128.333333  128.375000   539.64   305.40       1.360700       0.792000       1.848000     0.000
128.375000  128.416667   539.73   305.40       1.383800       0.858000       1.980000     0.000
128.416667  128.458333   539.91   305.41       1.248500       0.792000       1.716000     0.000
128.458333  128.500000   540.18   305.42       1.327700       0.594000       1.980000     0.000
128.500000  128.541667   540.65   305.47       1.075800       0.462000       1.584000     0.000
128.541667  128.583333   540.91   305.63       1.203400       0.726000       1.782000     0.000
128.583333  128.625000   540.91   305.87       1.504800       1.056000       1.980000     0.000
128.625000  128.666667   540.59   306.15       2.504700       1.518000       3.564000     0.000
128.666667  128.708333   540.07   306.51       2.359500       1.716000       2.970000     0.000
128.708333  128.750000   539.83   306.86       1.892000       1.188000       2.376000     0.000
128.750000  128.791667   539.29   307.18       1.450900       0.924000       2.046000     0.000
128.791667  128.833333   538.98   307.50       1.412400       0.792000       1.980000     0.000
128.833333  128.875000   538.98   307.75       1.047200       0.594000       1.584000     0.000
128.875000  128.916667   539.00   307.93       0.723800       0.330000       1.188000     0.000
128.916667  128.958333   539.13   308.01       0.731500       0.264000       1.188000     0.000
128.958333  129.000000   539.35   307.90       1.008207       0.528000       1.452000     0.000
129.000000  129.041667   539.96   307.66       0.963600       0.594000       1.452000     0.000
129.041667  129.083333   540.12   307.38       1.084600       0.594000       1.584000     0.000
129.083333  129.125000   540.16   307.10       3.704800       2.640000       4.950000     0.000
129.125000  129.166667   540.10   306.86       2.420000       1.122000       4.158000     0.000
129.166667  129.208333   540.12   306.65       0.942700       0.594000       1.386000     0.000
129.208333  129.250000   540.01   306.43       1.080200       0.594000       1.518000     0.000
129.250000  129.291667   539.86   306.21       1.161600       0.726000       1.650000     0.000
129.291667  129.333333   539.56   306.03       1.207800       0.858000       1.584000     0.000
129.333333  129.375000   539.50   305.86       1.169300       0.594000       1.716000     0.000
129.375000  129.416667   539.70   305.76       1.076900       0.726000       1.518000     0.000
129.416667  129.458333   539.94   305.68       0.946000       0.528000       1.320000     0.000
129.458333  129.500000   540.31   305.66       0.831600       0.396000       1.188000     0.000
129.500000  129.541667   540.78   305.67       0.844800       0.462000       1.254000     0.000
129.541667  129.583333   541.05   305.81       0.841500       0.264000       1.254000     0.000
129.583333  129.625000   541.17   306.08       0.954800       0.528000       1.320000     0.000
129.625000  129.666667   540.98   306.45       1.197900       0.462000       2.310000     0.000
129.666667  129.708333   540.71   306.77       2.203300       1.518000       2.904000     0.000
129.708333  129.750000   540.18   307.06       1.525700       1.122000       1.980000     0.000
129.750000  129.791667   539.67   307.41       1.292280       0.660000       1.914000     0.000
129.791667  129.833333   539.21   307.75       1.182500       0.594000       1.848000     0.000
129.833333  129.875000   539.26   308.02       1.402500       0.990000       1.848000     0.000
129.875000  129.916667   539.60   308.12       1.296900       0.792000       1.848000     0.000
129.916667  129.958333   539.92   308.06       1.461900       0.924000       2.046000     0.000
129.958333  130.000000   540.24   307.90       1.131900       0.660000       1.518000     0.000
130.000000  130.041667   540.81   307.69       1.005400       0.528000       1.518000     0.000
130.041667  130.083333   540.93   307.46       1.065900       0.594000       1.650000     0.000
130.083333  130.125000   540.93   307.22       0.551100       0.132000       1.056000     0.000
130.125000  130.166667   540.82   306.98       0.452100       0.066000       0.924000     0.000
130.166667  130.208333   540.65   306.72       0.475200       0.132000       0.792000     0.000
130.208333  130.250000   540.19   306.48       0.558800       0.132000       0.990000     0.000
130.250000  130.291667   539.94   306.26       0.566500       0.132000       1.122000     0.000
130.291667  130.333333   539.92   306.04       0.669900       0.198000       1.188000     0.000
130.333333  130.375000   539.89   305.85       0.550440       0.198000       0.924000     0.000
130.375000  130.416667   539.91   305.71       0.565714       0.198000       0.858000     0.000
130.416667  130.458333   540.04   305.61       0.670043       0.264000       1.122000     0.000
130.458333  130.500000   540.22   305.52       0.580038       0.198000       0.924000     0.000
130.500000  130.541667   540.64   305.51       0.692377       0.264000       1.122000     0.000
130.541667  130.583333   540.97   305.65       0.867625       0.462000       1.518000     0.000
130.583333  130.625000   541.04   305.95       0.695444       0.132000       1.320000     0.000
130.625000  130.666667   540.89   306.33       1.482800       0.594000       2.310000     0.000
130.666667  130.708333   540.47   306.78       3.098699       2.508000       3.630000     0.000
130.708333  130.750000   539.92   307.22       1.628380       0.990000       2.310000     0.000
130.750000  130.791667   539.26   307.59       1.341120       0.858000       1.848000     0.000
130.791667  130.833333   538.92   307.96       1.299796       0.924000       1.716000     0.000
130.833333  130.875000   538.65   308.31       1.063616       0.660000       1.452000     0.000
130.875000  130.916667   538.78   308.52       1.686113       1.122000       2.310000     0.000
130.916667  130.958333   539.02   308.46       3.830445       2.640000       5.808000     0.000
130.958333  131.000000   539.40   308.25       2.420000       1.848000       3.102000     0.000
131.000000  131.041667   539.83   307.97       1.538429       1.056000       2.178000     0.000
131.041667  131.083333   540.22   307.68       0.997333       0.660000       1.452000     0.000
131.083333  131.125000   540.53   307.43       0.744000       0.396000       1.188000     0.000
131.125000  131.166667   540.48   307.20       0.947189       0.396000       1.452000     0.000
131.166667  131.208333   540.13   307.03       0.913687       0.396000       1.386000     0.000
131.208333  131.250000   539.95   306.82       0.839300       0.396000       1.254000     0.000
131.250000  131.291667   539.63   306.60       0.852500       0.462000       1.254000     0.000
131.291667  131.333333   539.22   306.34       0.818052       0.396000       1.320000     0.000
131.333333  131.375000   539.13   306.13       0.768167       0.396000       1.254000     0.000
131.375000  131.416667  9999.99  9999.99  999999.999999  999999.999999  999999.999999     0.999
131.416667  131.458333  9999.99  9999.99  999999.999999  999999.999999  999999.999999     0.999
131.458333  131.500000  9999.99  9999.99  999999.999999  999999.999999  999999.999999     0.999
131.500000  131.541667  9999.99  9999.99  999999.999999  999999.999999  999999.999999     0.999
131.541667  131.583333   540.16   305.84       0.766965       0.264000       1.122000     0.000
131.583333  131.625000   540.27   306.03       0.708889       0.330000       1.188000     0.000
131.625000  131.666667   540.05   306.16       0.739962       0.396000       1.122000     0.000
131.666667  131.708333   539.72   306.25       0.804737       0.396000       1.518000     0.000
131.708333  131.750000   539.18   306.34       1.164104       0.594000       1.716000     0.000
131.750000  131.791667   538.90   306.29       0.834000       0.528000       1.188000     0.000
131.791667  131.833333   538.53   306.17       0.881760       0.594000       1.188000     0.000
131.833333  131.875000   538.40   306.08       0.555000       0.198000       0.858000     0.000
131.875000  131.916667   538.37   306.09       0.482625       0.000000       0.726000     0.000
