data/MAAP/BO0001R.20160101000000.20161231000000.filter_absorption_photometer.aerosol_absorption_coefficient.pm10.1y.1h.BO01L_MAAP_5012_CHACALTAYA_BOLIVIA.NO01L_MAAP_5012.lev2.nas
76 1001
Andrade, Marcos; Zaratti, Francesco
BO01L, Universidad Mayor de San Andrés, UMSA-LAP, Laboratory for Atmospheric Physics, Campus Cota Cota calle 27, Endifico FCPN piso 3, 04680, La Paz, Bolivia
Velarde, Fernando
GAW-WDCA GUAN ACTRIS
1 1
2016 01 01   2017 03 01
0.041667
days from file reference point
7
1 1 1 1 1 1 1
9999.999999 9999.99 9999.99 999999.999999 999999.999999 999999.999999 9.999
end_time of measurement, days from the file reference point
pressure, hPa, Location=instrument internal, Matrix=instrument, Detection limit=, Detection limit expl.=, Measurement uncertainty=
temperature, K, Location=instrument internal, Matrix=instrument, Detection limit=, Detection limit expl.=, Measurement uncertainty=
aerosol_absorption_coefficient, 1/Mm, Wavelength=670.0 nm
aerosol_absorption_coefficient, 1/Mm, Wavelength=670.0 nm, Statistics=percentile:15.87
aerosol_absorption_coefficient, 1/Mm, Wavelength=670.0 nm, Statistics=percentile:84.13
numflag, no unit
0
55
Data definition:              EBAS_1.1
Set type code:                TU
Timezone:                     UTC
File name:                    BO0001R.20160101000000.20161231000000.filter_absorption_photometer.aerosol_absorption_coefficient.pm10.1y.1h.BO01L_MAAP_5012_CHACALTAYA_BOLIVIA.NO01L_MAAP_5012.lev2.nas
File creation:                20170127154610
Startdate:                    20160101000000
Revision date:                20170301000000
Version:                      1
Version description:          initial revision
Statistics:                   arithmetic mean
Data level:                   2
Period code:                  1y
Resolution code:              1h
Sample duration:              1h
Orig. time res.:              1mn
Station code:                 BO0001R
Platform code:                BO0001S
Station name:   	      Chacaltaya Station Atmospheric Monitoring Site	
Station latitude:             -16.35
Station longitude:            -68.13
Station altitude:             5240m
Measurement latitude:         -16.35
Measurement longitude:        -68.13
Measurement altitude:         5240m
Measurement height:           5.0m
Regime:                       
Component:                    aerosol_absorption_coefficient
Unit:                         1/Mm
Matrix:                       pm10
Instrument type:              filter_absorption_photometer
Laboratory code:              BO01L
Instrument name:              MAAP_5012_CHACALTAYA_BOLIVIA
Instrument manufacturer:      Thermo
Instrument model:             5012
Instrument serial number:     None
Method ref:                   NO01L_MAAP_5012
Standard method:              Single-angle_Correction=none
Inlet type:                   Whole Air
Inlet description:            Automatic heater dryer which is activated for Relative Humidity great than 90%, flow 162.00 l/min
Humidity/temperature control: None
Humidity/temperature control description: passive, sample heated from atmospheric to lab temperature
Volume std. temperature:      273.15K
Volume std. pressure:         1013.25hPa
Detection limit:              0.1 1/Mm
Detection limit expl.:        Determined by instrument noise characteristics, no detection limit flag used
Measurement uncertainty:      6.0 %
Measurement uncertainty expl.: typical value of unit-to-unit variability
Zero/negative values code:    Zero/negative possible
Zero/negative values:         Zero and neg. values may appear due to statistical variations at very low concentrations
Originator:                   Andrade, Marcos, mandrade@atmos.umd.edu, Laboratory for Atmospheric Physics, LAP, , Campus Cota Cota calle 27 FCPN Building piso 3, , 4680, La Paz, Bolivia
Originator:                   Zaratti, Francesco, fzaratti@umsa.bo, Laboratory for Atmospheric Physics, LAP, , Campus Cota Cota calle 27 FCPN Building piso 3, , 4680, La Paz, Bolivia
Submitter:                    Velarde, Fernando, fvelarde@chacaltaya.edu.bo, Laboratory for Atmospheric Physics, LAP, , Campus Cota Cota calle 27 FCPN Building piso 3, , 4680, La Paz, Bolivia
Acknowledgement:              Request acknowledgement details from data originator
Comment:                      None
start_time    end_time   p_int      T_int       abs670       abs670pc16     abs670pc84   numflag 
[from data line 1001]
 41.708333   41.750000  9999.99  9999.99  999999.999999  999999.999999  999999.999999     0.999
 41.750000   41.791667  9999.99  9999.99  999999.999999  999999.999999  999999.999999     0.999
 41.791667   41.833333  9999.99  9999.99  999999.999999  999999.999999  999999.999999     0.999
 41.833333   41.875000  9999.99  9999.99  999999.999999  999999.999999  999999.999999     0.999
 41.875000   41.916667  9999.99  9999.99  999999.999999  999999.999999  999999.999999     0.999
 41.916667   41.958333  9999.99  9999.99  999999.999999  999999.999999  999999.999999     0.999
 41.958333   42.000000  9999.99  9999.99  999999.999999  999999.999999  999999.999999     0.999
 42.000000   42.041667  9999.99  9999.99  999999.999999  999999.999999  999999.999999     0.999
 42.041667   42.083333  9999.99  9999.99  999999.999999  999999.999999  999999.999999     0.999
 42.083333   42.125000  9999.99  9999.99  999999.999999  999999.999999  999999.999999     0.999
 42.125000   42.166667  9999.99  9999.99  999999.999999  999999.999999  999999.999999     0.999
 42.166667   42.208333  9999.99  9999.99  999999.999999  999999.999999  999999.999999     0.999
 42.208333   42.250000  9999.99  9999.99  999999.999999  999999.999999  999999.999999     0.999
 42.250000   42.291667  9999.99  9999.99  999999.999999  999999.999999  999999.999999     0.999
 42.291667   42.333333  9999.99  9999.99  999999.999999  999999.999999  999999.999999     0.999
 42.333333   42.375000  9999.99  9999.99  999999.999999  999999.999999  999999.999999     0.999
 42.375000   42.416667  9999.99  9999.99  999999.999999  999999.999999  999999.999999     0.999
 42.416667   42.458333  9999.99  9999.99  999999.999999  999999.999999  999999.999999     0.999
 42.458333   42.500000  9999.99  9999.99  999999.999999  999999.999999  999999.999999     0.999
 42.500000   42.541667  9999.99  9999.99  999999.999999  999999.999999  999999.999999     0.999
 42.541667   42.583333  9999.99  9999.99  999999.999999  999999.999999  999999.999999     0.999
 42.583333   42.625000  9999.99  9999.99  999999.999999  999999.999999  999999.999999     0.999
 42.625000   42.666667   540.84   313.84       0.029700      -0.198000       0.264000     0.000
 42.666667   42.708333   540.30   313.45       0.089492      -0.132000       0.264000     0.000
 42.708333   42.750000   539.92   313.06       0.069300      -0.198000       0.396000     0.000
 42.750000   42.791667   539.44   312.58       0.025300      -0.264000       0.198000     0.000
 42.791667   42.833333   539.05   312.18       0.036915      -0.198000       0.330000     0.000
 42.833333   42.875000   538.91   311.79       0.998800       0.000000       2.244000     0.000
 42.875000   42.916667   538.87   311.44       1.125301       0.330000       1.716000     0.000
 42.916667   42.958333   538.81   311.93       0.157034      -0.462000       0.792000     0.000
 42.958333   43.000000   538.94   312.84      -0.005500      -0.198000       0.264000     0.000
 43.000000   43.041667   539.26   312.78       0.028600      -0.066000       0.066000     0.000
 43.041667   43.083333   539.78   312.60       0.097900       0.000000       0.330000     0.000
 43.083333   43.125000   539.91   312.42       0.167415       0.000000       0.330000     0.000
 43.125000   43.166667   539.92   312.33       0.539880       0.132000       0.924000     0.000
 43.166667   43.208333   539.41   312.38       0.904200       0.462000       1.386000     0.000
 43.208333   43.250000   538.99   312.58       1.203889       0.528000       1.848000     0.000
 43.250000   43.291667   538.86   312.84       1.364000       0.726000       1.980000     0.000
 43.291667   43.333333   538.80   313.03       0.872667       0.396000       1.320000     0.000
 43.333333   43.375000   538.58   313.15       0.336439      -0.066000       0.726000     0.000
 43.375000   43.416667   538.77   313.23       0.581428       0.066000       1.056000     0.000
 43.416667   43.458333   539.03   313.23       0.438842       0.132000       0.726000     0.000
 43.458333   43.500000   539.52   313.24       0.387200       0.066000       0.660000     0.000
 43.500000   43.541667   540.00   313.27       0.405900       0.000000       0.858000     0.000
 43.541667   43.583333   540.17   313.41       1.068517       0.132000       2.640000     0.000
 43.583333   43.625000   540.35   313.76       6.042235       3.894000       6.006000     0.000
 43.625000   43.666667   540.25   314.06       4.314445       3.564000       4.884000     0.000
 43.666667   43.708333   540.09   314.22       5.268577       4.356000       6.006000     0.000
 43.708333   43.750000   539.94   314.14       4.754445       4.158000       5.478000     0.000
 43.750000   43.791667   539.41   314.04       0.634700      -0.000000       1.782000     0.000
 43.791667   43.833333   539.04   314.05       0.086900      -0.066000       0.264000     0.000
 43.833333   43.875000   538.89   314.22       0.091300      -0.132000       0.462000     0.000
 43.875000   43.916667   538.48   314.59       0.055000      -0.330000       0.528000     0.000
 43.916667   43.958333   538.48   315.08      -0.037552      -0.660000       0.462000     0.000
 43.958333   44.000000   538.86   315.36       0.035276      -0.330000       0.330000     0.000
 44.000000   44.041667   539.25   314.95       0.152136      -0.066000       0.528000     0.000
 44.041667   44.083333   539.87   314.43       0.088000      -0.330000       0.396000     0.000
 44.083333   44.125000   540.09   314.00       0.122100      -0.198000       0.528000     0.000
 44.125000   44.166667   540.20   313.61       0.150700      -0.198000       0.528000     0.000
 44.166667   44.208333   539.99   313.39       0.028600      -0.066000       0.132000     0.000
 44.208333   44.250000   539.63   313.40       0.097900       0.000000       0.198000     0.000
 44.250000   44.291667   539.05   313.50       0.366300       0.000000       0.792000     0.000
 44.291667   44.333333   538.94   313.61       0.102300      -0.132000       0.330000     0.000
 44.333333   44.375000   538.89   313.67       0.102300       0.000000       0.264000     0.000
 44.375000   44.416667   538.86   313.71       0.143000      -0.066000       0.330000     0.000
 44.416667   44.458333   538.93   313.74       0.133100      -0.132000       0.462000     0.000
 44.458333   44.500000   539.29   313.80       0.191400      -0.198000       0.726000     0.000
 44.500000   44.541667   539.91   313.87       0.213400       0.000000       0.330000     0.000
 44.541667   44.583333   540.05   313.97       0.187000      -0.132000       0.528000     0.000
 44.583333   44.625000   540.13   314.14       0.396000       0.000000       0.924000     0.000
 44.625000   44.666667   540.12   314.40       0.396000       0.066000       0.858000     0.000
 44.666667   44.708333   540.03   314.63       0.289300       0.000000       0.792000     0.000
 44.708333   44.750000   539.56   314.76       0.287100       0.000000       0.660000     0.000
 44.750000   44.791667   539.02   314.86       0.276100      -0.066000       0.726000     0.000
 44.791667   44.833333   538.94   314.74       0.115500      -0.066000       0.330000     0.000
 44.833333   44.875000   538.91   314.52       0.139700      -0.066000       0.330000     0.000
 44.875000   44.916667   538.45   314.28       0.174900      -0.000000       0.396000     0.000
 44.916667   44.958333   538.39   314.08       0.426800       0.000000       0.858000     0.000
 44.958333   45.000000   539.19   313.85       0.729300       0.132000       1.320000     0.000
 45.000000   45.041667   539.95   313.58       0.899800       0.264000       1.518000     0.000
 45.041667   45.083333   540.44   313.28       1.221000       0.594000       1.980000     0.000
 45.083333   45.125000   540.76   312.98       2.010204       0.594000       3.630000     0.000
 45.125000   45.166667   540.51   312.71       3.841200       2.970000       5.016000     0.000
 45.166667   45.208333   540.08   312.64       2.297878       0.660000       3.564000     0.000
 45.208333   45.250000   539.80   312.77       0.330000      -0.000000       0.660000     0.000
 45.250000   45.291667   539.19   312.93       0.283017       0.000000       0.594000     0.000
 45.291667   45.333333   538.92   313.04       0.302500       0.066000       0.528000     0.000
 45.333333   45.375000   538.86   313.15       0.188100      -0.066000       0.594000     0.000
 45.375000   45.416667   538.92   313.22       0.235400       0.000000       0.396000     0.000
 45.416667   45.458333   539.06   313.28       0.214500      -0.000000       0.462000     0.000
 45.458333   45.500000   539.35   313.37       0.172700      -0.066000       0.462000     0.000
 45.500000   45.541667   539.79   313.50       0.211200      -0.132000       0.528000     0.000
 45.541667   45.583333   540.05   313.68       1.231627       0.264000       2.508000     0.000
 45.583333   45.625000   540.02   314.01       0.444400       0.000000       0.990000     0.000
 45.625000   45.666667   540.03   314.26       0.411400       0.132000       0.726000     0.000
 45.666667   45.708333   539.91   314.10       0.267300       0.000000       0.462000     0.000
 45.708333   45.750000   539.43   313.80       0.160769      -0.132000       0.462000     0.000
 45.750000   45.791667   538.75   313.39       0.544780      -0.000000       1.254000     0.000
 45.791667   45.833333   538.18   313.04       0.689700       0.000000       1.320000     0.000
 45.833333   45.875000   537.99   312.69       0.070400      -0.132000       0.198000     0.000
 45.875000   45.916667   538.02   312.51       0.120814      -0.198000       0.462000     0.000
 45.916667   45.958333   538.14   312.53      -0.018000      -0.462000       0.264000     0.000
 45.958333   46.000000   538.43   312.72       0.087353      -0.066000       0.264000     0.000
 46.000000   46.041667   539.06   312.88       0.129130       0.000000       0.264000     0.000
 46.041667   46.083333   539.53   312.94       0.121000       0.000000       0.264000     0.000
 46.083333   46.125000   539.99   312.95       0.421300      -0.000000       0.726000     0.000
 46.125000   46.166667   539.88   312.94       0.287100      -0.066000       0.660000     0.000
 46.166667   46.208333   539.25   313.00       0.033000      -0.198000       0.396000     0.000
 46.208333   46.250000   538.99   313.23       0.273900       0.000000       0.660000     0.000
 46.250000   46.291667   538.57   313.49       0.290400       0.000000       0.660000     0.000
 46.291667   46.333333   538.16   313.70       0.083600      -0.264000       0.396000     0.000
 46.333333   46.375000   538.11   313.82       0.386100       0.000000       0.924000     0.000
 46.375000   46.416667   538.27   313.89       0.490600       0.066000       0.990000     0.000
 46.416667   46.458333   538.73   313.97       0.225500      -0.000000       0.462000     0.000
 46.458333   46.500000   539.07   314.04      -0.000000      -0.264000       0.264000     0.000
 46.500000   46.541667   539.61   314.16       0.117700       0.000000       0.330000     0.000
 46.541667   46.583333   539.77   314.40      -0.018700      -0.396000       0.264000     0.000
 46.583333   46.625000   539.67   314.79      -0.000000      -0.264000       0.330000     0.000
 46.625000   46.666667   539.35   315.19       0.085800      -0.396000       0.594000     0.000
 46.666667   46.708333   539.08   315.44       1.095600       0.264000       2.178000     0.000
 46.708333   46.750000   538.85   315.30       1.502601       0.462000       2.640000     0.000
 46.750000   46.791667   538.32   314.94       0.287100      -0.066000       0.726000     0.000
 46.791667   46.833333   537.94   314.59       0.147400      -0.000000       0.330000     0.000
 46.833333   46.875000   537.64   314.43       0.272949      -0.066000       0.594000     0.000
 46.875000   46.916667   537.57   314.54       0.154000      -0.066000       0.462000     0.000
 46.916667   46.958333   537.98   314.78       3.172400       0.726000       6.864000     0.000
 46.958333   47.000000   538.61   314.63       1.761100       1.056000       2.706000     0.000
 47.000000   47.041667   538.98   314.33       0.561000       0.000000       1.254000     0.000
 47.041667   47.083333   539.36   313.99       0.689700      -0.066000       1.518000     0.000
 47.083333   47.125000   539.68   313.69       1.046100       0.528000       1.518000     0.000
 47.125000   47.166667   539.42   313.43       0.822800       0.264000       1.518000     0.000
 47.166667   47.208333   538.98   313.28       1.730301       1.188000       2.244000     0.000
 47.208333   47.250000   538.67   313.34       0.567600       0.000000       1.056000     0.000
 47.250000   47.291667   538.16   313.49       0.078100      -0.198000       0.462000     0.000
 47.291667   47.333333   538.07   313.61       0.049500       0.000000       0.198000     0.000
 47.333333   47.375000   538.00   313.70       0.050600      -0.264000       0.264000     0.000
 47.375000   47.416667   538.05   313.75      -0.026400      -0.528000       0.330000     0.000
 47.416667   47.458333   538.24   313.77       0.034100      -0.198000       0.264000     0.000
 47.458333   47.500000   538.90   313.83       0.074800      -0.000000       0.198000     0.000
 47.500000   47.541667   539.19   313.94       0.002200      -0.330000       0.396000     0.000
 47.541667   47.583333   539.80   314.11       0.114400      -0.132000       0.462000     0.000
 47.583333   47.625000   539.90   314.35       0.296327      -0.066000       0.858000     0.000
 47.625000   47.666667   539.86   314.77       0.249458       0.000000       0.528000     0.000
 47.666667   47.708333   539.68   315.12      -0.022000      -0.330000       0.330000     0.000
 47.708333   47.750000   539.17   315.24       0.115500       0.000000       0.330000     0.000
 47.750000   47.791667   538.96   315.23       0.463100       0.000000       0.924000     0.000
 47.791667   47.833333   538.72   315.18       2.970000       0.330000       4.620000     0.000
 47.833333   47.875000   538.22   315.01       1.470118       0.792000       2.178000     0.000
 47.875000   47.916667   538.08   314.91       1.046100       0.660000       1.518000     0.000
 47.916667   47.958333   538.41   314.69       4.222899       1.386000       6.402000     0.000
 47.958333   48.000000   538.99   314.46       2.202201       0.990000       3.564000     0.000
 48.000000   48.041667   539.54   314.20       2.091100       1.518000       2.508000     0.000
 48.041667   48.083333   540.15   313.96       1.959100       1.320000       2.574000     0.000
 48.083333   48.125000   540.67   313.74       1.772100       1.254000       2.244000     0.000
 48.125000   48.166667   540.68   313.57       1.399200       0.924000       1.848000     0.000
 48.166667   48.208333   540.23   313.46       1.203400       0.594000       1.848000     0.000
 48.208333   48.250000   539.95   313.53       0.698500       0.000000       1.254000     0.000
 48.250000   48.291667   539.47   313.65       0.468600       0.066000       0.858000     0.000
 48.291667   48.333333   539.09   313.73       0.093500      -0.330000       0.528000     0.000
 48.333333   48.375000   538.99   313.77       0.055000      -0.264000       0.462000     0.000
 48.375000   48.416667   539.02   313.72       0.107800      -0.198000       0.396000     0.000
 48.416667   48.458333   539.32   313.60       0.029700      -0.066000       0.132000     0.000
 48.458333   48.500000   539.89   313.56       0.064900      -0.264000       0.528000     0.000
 48.500000   48.541667   540.39   313.63       0.079200      -0.066000       0.198000     0.000
 48.541667   48.583333   540.89   313.71       0.075900      -0.132000       0.264000     0.000
