data/MAAP/BO0001R.20170101000000.20171231000000.filter_absorption_photometer.aerosol_absorption_coefficient.pm10.1y.1h.BO01L_MAAP_5012_CHACALTAYA_BOLIVIA.NO01L_MAAP_5012.lev2.nas
76 1001
Andrade, Marcos; Zaratti, Francesco
BO01L, Universidad Mayor de San Andrés, UMSA-LAP, Laboratory for Atmospheric Physics, Campus Cota Cota calle 27, Endifico FCPN piso 3, 04680, La Paz, Bolivia
Velarde, Fernando
GAW-WDCA GUAN ACTRIS
1 1
2017 01 01   2018 03 01
0.041667
days from file reference point
7
1 1 1 1 1 1 1
9999.999999 9999.99 9999.99 999999.999999 999999.999999 999999.999999 9.999
end_time of measurement, days from the file reference point
pressure, hPa, Location=instrument internal, Matrix=instrument, Detection limit=, Detection limit expl.=, Measurement uncertainty=
temperature, K, Location=instrument internal, Matrix=instrument, Detection limit=, Detection limit expl.=, Measurement uncertainty=
aerosol_absorption_coefficient, 1/Mm, Wavelength=670.0 nm
aerosol_absorption_coefficient, 1/Mm, Wavelength=670.0 nm, Statistics=percentile:15.87
aerosol_absorption_coefficient, 1/Mm, Wavelength=670.0 nm, Statistics=percentile:84.13
numflag, no unit
0
55
Data definition:              EBAS_1.1
Set type code:                TU
Timezone:                     UTC
File name:                    BO0001R.20170101000000.20171231000000.filter_absorption_photometer.aerosol_absorption_coefficient.pm10.1y.1h.BO01L_MAAP_5012_CHACALTAYA_BOLIVIA.NO01L_MAAP_5012.lev2.nas
File creation:                20180412184446
Startdate:                    20170101000000
Revision date:                20180301000000
Version:                      1
Version description:          initial revision
Statistics:                   arithmetic mean
Data level:                   2
Period code:                  1y
Resolution code:              1h
Sample duration:              1h
Orig. time res.:              1mn
Station code:                 BO0001R
Platform code:                BO0001S
Station name:   	      Chacaltaya Station Atmospheric Monitoring Site	
Station latitude:             -16.35
Station longitude:            -68.13
Station altitude:             5240m
Measurement latitude:         -16.35
Measurement longitude:        -68.13
Measurement altitude:         5240m
Measurement height:           5.0m
Regime:                       
Component:                    aerosol_absorption_coefficient
Unit:                         1/Mm
Matrix:                       pm10
Instrument type:              filter_absorption_photometer
Laboratory code:              BO01L
Instrument name:              MAAP_5012_CHACALTAYA_BOLIVIA
Instrument manufacturer:      Thermo
Instrument model:             5012
Instrument serial number:     None
Method ref:                   NO01L_MAAP_5012
Standard method:              Single-angle_Correction=none
Inlet type:                   Whole Air
Inlet description:            Automatic heater dryer which is activated for Relative Humidity great than 90%, flow 162.00 l/min
Humidity/temperature control: None
Humidity/temperature control description: "active, sample heated from atmospheric to lab temperature"
Volume std. temperature:      291.15K
Volume std. pressure:         1013.00hPa
Detection limit:              0.1 1/Mm
Detection limit expl.:        Determined by instrument noise characteristics, no detection limit flag used
Measurement uncertainty:      6.0 %
Measurement uncertainty expl.: typical value of unit-to-unit variability
Zero/negative values code:    Zero/negative possible
Zero/negative values:         Zero and neg. values may appear due to statistical variations at very low concentrations
Originator:                   Andrade, Marcos, mandrade@atmos.umd.edu, Laboratory for Atmospheric Physics, LAP, , Campus Cota Cota calle 27 FCPN Building piso 3, , 4680, La Paz, Bolivia
Originator:                   Zaratti, Francesco, fzaratti@umsa.bo, Laboratory for Atmospheric Physics, LAP, , Campus Cota Cota calle 27 FCPN Building piso 3, , 4680, La Paz, Bolivia
Submitter:                    Velarde, Fernando, fvelarde@chacaltaya.edu.bo, Laboratory for Atmospheric Physics, LAP, , Campus Cota Cota calle 27 FCPN Building piso 3, , 4680, La Paz, Bolivia
Acknowledgement:              Request acknowledgement details from data originator
Comment:                      None
start_time    end_time   p_int      T_int       abs670       abs670pc16     abs670pc84   numflag 
[from data line 5334]
222.250000  222.291667   538.92   291.28       2.015797       1.122000       2.640000     0.000
222.291667  222.333333   538.53   290.91       1.589500       0.924000       2.244000     0.000
222.333333  222.375000   538.26   290.63       2.328701       1.716000       3.036000     0.000
222.375000  222.416667   538.24   290.37       1.761518       1.056000       2.310000     0.000
222.416667  222.458333   538.50   290.15       1.281500       0.660000       1.518000     0.000
222.458333  222.500000   538.90   289.96       1.054862       0.528000       1.452000     0.000
222.500000  222.541667   539.05   289.78       0.800800       0.330000       1.122000     0.000
222.541667  222.583333   539.64   289.89       1.081300       0.660000       1.452000     0.000
222.583333  222.625000   539.81   290.02       1.183526       0.528000       1.716000     0.000
222.625000  222.666667   539.71   289.97       1.284204       0.660000       1.848000     0.000
222.666667  222.708333   539.27   289.96       1.239700       0.858000       1.584000     0.000
222.708333  222.750000   538.92   290.15       1.114300       0.594000       1.518000     0.000
222.750000  222.791667   538.30   290.33       1.615900       1.122000       2.178000     0.000
222.791667  222.833333   538.01   290.77       1.532543       0.924000       1.980000     0.000
222.833333  222.875000   537.65   291.54       1.425600       0.924000       1.980000     0.000
222.875000  222.916667   537.38   292.22       1.931069       1.254000       2.574000     0.000
222.916667  222.958333   537.52   292.24       2.269301       1.584000       2.970000     0.000
222.958333  223.000000   537.83   291.86       2.985662       2.574000       3.498000     0.000
223.000000  223.041667   538.10   291.27       1.954700       1.386000       2.508000     0.000
223.041667  223.083333   538.36   290.74       2.000136       1.386000       2.706000     0.000
223.083333  223.125000   538.67   290.48       1.977800       1.452000       2.442000     0.000
223.125000  223.166667   538.71   290.32       1.997898       1.518000       2.442000     0.000
223.166667  223.208333   538.67   290.15       1.897500       1.386000       2.310000     0.000
223.208333  223.250000   538.29   289.91       1.236400       0.528000       1.914000     0.000
223.250000  223.291667   538.00   289.62       0.892678       0.396000       1.452000     0.000
223.291667  223.333333   537.86   289.30       1.156100       0.660000       1.716000     0.000
223.333333  223.375000   537.70   289.00       1.259500       0.792000       1.848000     0.000
223.375000  223.416667   537.77   288.77       1.292034       0.792000       1.848000     0.000
223.416667  223.458333   537.99   288.52       1.383800       0.858000       1.980000     0.000
223.458333  223.500000   538.30   288.27       1.221000       0.792000       1.782000     0.000
223.500000  223.541667   538.86   288.09       1.011621       0.528000       1.584000     0.000
223.541667  223.583333   539.24   288.21       0.810700       0.462000       1.254000     0.000
223.583333  223.625000   539.58   288.54       0.825000       0.264000       1.320000     0.000
223.625000  223.666667   539.44   288.89       1.234200       0.726000       1.848000     0.000
223.666667  223.708333   539.12   289.19       0.945254       0.330000       1.518000     0.000
223.708333  223.750000   538.78   289.51       1.371701       0.660000       2.046000     0.000
223.750000  223.791667   538.16   290.05       1.232746       0.396000       1.848000     0.000
223.791667  223.833333   538.00   290.71       1.657700       0.594000       2.574000     0.000
223.833333  223.875000   538.04   291.25       1.283085       0.594000       1.980000     0.000
223.875000  223.916667   538.14   291.75       1.675300       1.056000       2.178000     0.000
223.916667  223.958333   538.38   291.76       1.828983       1.452000       2.310000     0.000
223.958333  224.000000   538.92   291.37       1.534780       1.188000       1.914000     0.000
224.000000  224.041667   539.32   290.98       1.634600       1.056000       2.244000     0.000
224.041667  224.083333   539.84   290.63       1.465424       0.858000       2.112000     0.000
224.083333  224.125000   539.99   290.33       1.371701       0.660000       2.310000     0.000
224.125000  224.166667   539.97   290.07       0.557085       0.264000       0.858000     0.000
224.166667  224.208333   539.93   289.80       0.509300       0.132000       0.924000     0.000
224.208333  224.250000   539.54   289.54       0.345400       0.000000       0.726000     0.000
224.250000  224.291667   539.12   289.34       0.258407       0.000000       0.660000     0.000
224.291667  224.333333   538.94   289.14       0.371800       0.066000       0.726000     0.000
224.333333  224.375000   538.94   289.00       0.421729       0.066000       0.726000     0.000
224.375000  224.416667   539.06   288.85       0.218900       0.000000       0.528000     0.000
224.416667  224.458333   539.45   288.73       0.108900      -0.000000       0.198000     0.000
224.458333  224.500000   539.89   288.57       0.092847       0.000000       0.132000     0.000
224.500000  224.541667   540.22   288.40       0.092400       0.000000       0.264000     0.000
224.541667  224.583333   540.91   288.69       0.190300      -0.066000       0.462000     0.000
224.583333  224.625000   541.05   289.31       0.181500       0.000000       0.528000     0.000
224.625000  224.666667   540.89   289.71       0.185695      -0.198000       0.594000     0.000
224.666667  224.708333   540.27   290.03       0.486610       0.132000       0.924000     0.000
224.708333  224.750000   539.75   290.29       1.064800       0.462000       1.452000     0.000
224.750000  224.791667   539.08   290.79       0.869000       0.396000       1.320000     0.000
224.791667  224.833333   538.88   291.42       0.888800       0.330000       1.452000     0.000
224.833333  224.875000   538.69   292.04       0.834509       0.396000       1.320000     0.000
224.875000  224.916667   538.53   292.41       0.980100       0.594000       1.452000     0.000
224.916667  224.958333   538.64   292.56       1.288678       0.858000       1.716000     0.000
224.958333  225.000000   538.86   292.29       0.547800       0.132000       0.990000     0.000
225.000000  225.041667   539.13   291.90       0.673424       0.264000       1.122000     0.000
225.041667  225.083333   539.64   291.56       0.760100       0.396000       1.122000     0.000
225.083333  225.125000   539.90   291.24       0.958100       0.396000       1.452000     0.000
225.125000  225.166667   539.89   290.96       1.211492       0.594000       1.716000     0.000
225.166667  225.208333   539.57   290.70       1.769900       1.254000       2.574000     0.000
225.208333  225.250000   539.14   290.45       1.901900       1.386000       2.310000     0.000
225.250000  225.291667   538.97   290.25       1.728305       1.254000       2.178000     0.000
225.291667  225.333333   538.70   290.06       1.560900       1.056000       1.980000     0.000
225.333333  225.375000   538.71   289.90       1.068306       0.594000       1.650000     0.000
225.375000  225.416667   538.87   294.30       1.117600       0.396000       1.518000     0.000
225.416667  225.458333   539.01   289.63       1.165628       0.726000       1.518000     0.000
225.458333  225.500000   539.08   289.53       1.285322       0.858000       1.848000     0.000
225.500000  225.541667   539.69   289.55       1.236400       0.726000       1.782000     0.000
225.541667  225.583333   540.11   289.89       1.003200       0.462000       1.584000     0.000
225.583333  225.625000   540.25   290.11       1.673492       1.188000       2.112000     0.000
225.625000  225.666667   540.16   289.93       2.423300       1.320000       2.706000     0.000
225.666667  225.708333   539.87   290.04       1.811085       1.320000       2.310000     0.000
225.708333  225.750000   539.28   290.38       2.048200       1.452000       2.508000     0.000
225.750000  225.791667   538.81   290.83       1.017966       0.396000       1.584000     0.000
225.791667  225.833333   538.38   291.37       1.212200       0.396000       1.848000     0.000
225.833333  225.875000   538.12   291.85       1.051526       0.396000       1.848000     0.000
225.875000  225.916667   538.09   292.27       1.068305       0.528000       1.650000     0.000
225.916667  225.958333   538.28   292.28       1.168200       0.528000       1.848000     0.000
225.958333  226.000000   538.91   296.51       1.506814       0.726000       1.914000     0.000
226.000000  226.041667   539.33   291.44       4.375016       1.518000       7.062000     0.000
226.041667  226.083333   539.81   291.09       5.146882       3.630000       6.995999     0.000
226.083333  226.125000   539.87   290.74       3.677300       1.980000       4.686000     0.000
226.125000  226.166667   539.83   290.41       1.752301       1.188000       2.178000     0.000
226.166667  226.208333   539.58   290.13       1.138780       0.660000       1.584000     0.000
226.208333  226.250000   539.22   289.91       1.438801       0.924000       1.980000     0.000
226.250000  226.291667   539.06   289.70       1.830102       1.386000       2.310000     0.000
226.291667  226.333333   539.02   289.52       1.721500       1.254000       2.244000     0.000
226.333333  226.375000   538.97   289.38       1.799600       1.320000       2.310000     0.000
226.375000  226.416667   539.05   289.28       1.821153       1.386000       2.310000     0.000
226.416667  226.458333   539.16   289.19       1.794100       1.254000       2.244000     0.000
226.458333  226.500000   539.57   289.16       1.485000       0.990000       1.980000     0.000
226.500000  226.541667   539.96   289.19       1.512501       1.056000       1.914000     0.000
226.541667  226.583333   540.28   289.61       1.692900       1.254000       2.178000     0.000
226.583333  226.625000   540.42   289.94       1.915119       1.584000       2.310000     0.000
226.625000  226.666667   540.05   290.27       2.304407       1.452000       2.442000     0.000
226.666667  226.708333   539.81   290.56       1.534500       0.990000       2.046000     0.000
226.708333  226.750000   539.29   290.82       1.127500       0.594000       1.716000     0.000
226.750000  226.791667   538.78   291.25       1.098509       0.594000       1.716000     0.000
226.791667  226.833333   538.45   291.76       1.284800       0.726000       1.782000     0.000
226.833333  226.875000   538.32   292.27       0.907221       0.396000       1.518000     0.000
226.875000  226.916667   538.60   292.71       2.249500       0.990000       3.432000     0.000
226.916667  226.958333   538.78   292.70       1.792068       1.056000       2.706000     0.000
226.958333  227.000000   538.99   292.34       1.290300       0.726000       1.848000     0.000
227.000000  227.041667   539.17   291.99       1.469899       0.990000       2.046000     0.000
227.041667  227.083333   539.33   291.77       1.691800       1.188000       2.310000     0.000
227.083333  227.125000   539.78   291.54       2.757457       2.112000       3.564000     0.000
227.125000  227.166667   539.69   291.32       3.252207       1.848000       4.686000     0.000
227.166667  227.208333   539.41   291.12       4.018301       3.432000       4.554000     0.000
227.208333  227.250000   539.06   295.56       3.517017       2.640000       4.290000     0.000
227.250000  227.291667   538.83   290.76       3.150400       2.508000       3.828000     0.000
227.291667  227.333333   538.65   290.61       2.697201       2.310000       2.904000     0.000
227.333333  227.375000   538.57   290.41       2.486746       2.046000       2.970000     0.000
227.375000  227.416667   538.91   290.23       1.944800       1.518000       2.442000     0.000
227.416667  227.458333   539.20   290.00       1.835695       1.452000       2.310000     0.000
227.458333  227.500000   539.77   289.80       1.662305       1.320000       2.112000     0.000
227.500000  227.541667   540.14   289.76       1.883200       1.320000       2.508000     0.000
227.541667  227.583333   540.57   289.94       1.257300       0.594000       1.980000     0.000
227.583333  227.625000   540.69   290.16       1.013492       0.594000       1.584000     0.000
227.625000  227.666667   540.29   290.37       1.106600       0.660000       1.584000     0.000
227.666667  227.708333   539.84   290.48       1.481085       0.594000       2.112000     0.000
227.708333  227.750000   539.20   290.70       1.865899       1.518000       2.376000     0.000
227.750000  227.791667   538.73   291.24       1.393700       0.726000       1.914000     0.000
227.791667  227.833333   538.15   291.81       1.147729       0.660000       1.716000     0.000
227.833333  227.875000   538.14   292.32       1.348600       0.792000       1.980000     0.000
227.875000  227.916667   538.28   292.76       1.483862       1.122000       1.980000     0.000
227.916667  227.958333   538.45   292.74       1.706100       1.254000       2.244000     0.000
227.958333  228.000000   538.82   292.37       1.928300       1.452000       2.508000     0.000
228.000000  228.041667   539.06   292.05       2.488984       1.782000       3.102000     0.000
228.041667  228.083333   539.29   291.78       1.283700       0.594000       2.310000     0.000
228.083333  228.125000   539.58   291.57       0.488400       0.132000       0.924000     0.000
228.125000  228.166667   539.31   291.42       0.838983       0.330000       1.386000     0.000
228.166667  228.208333   539.14   291.26       1.037300       0.330000       1.716000     0.000
228.208333  228.250000   539.05   291.12       1.436339       0.594000       2.310000     0.000
228.250000  228.291667   538.86   295.49       2.478300       1.452000       3.168000     0.000
228.291667  228.333333   538.40   290.80       1.721500       1.188000       2.508000     0.000
228.333333  228.375000   538.11   290.67       1.802136       1.386000       2.112000     0.000
228.375000  228.416667   538.39   290.55       1.732500       1.122000       2.244000     0.000
228.416667  228.458333   538.95   290.49       1.267424       0.858000       1.650000     0.000
228.458333  228.500000   539.10   290.46       1.340900       0.924000       1.716000     0.000
228.500000  228.541667   539.59   290.42       1.283700       0.990000       1.782000     0.000
228.541667  228.583333   539.96   290.51       1.400543       0.858000       1.848000     0.000
228.583333  228.625000   539.98   290.79       1.909600       1.518000       2.310000     0.000
228.625000  228.666667   539.74   291.20       2.219390       1.716000       2.838000     0.000
228.666667  228.708333   539.09   291.40       2.147200       1.584000       2.640000     0.000
228.708333  228.750000   538.83   291.65       2.047119       1.320000       2.574000     0.000
228.750000  228.791667   538.21   291.76       1.806200       1.320000       2.244000     0.000
228.791667  228.833333   537.81   292.07       1.943086       1.452000       2.442000     0.000
228.833333  228.875000   537.71   292.52       1.863401       1.254000       2.442000     0.000
228.875000  228.916667   537.91   292.47       1.677500       1.254000       2.112000     0.000
228.916667  228.958333   538.08   292.31       1.496746       1.056000       1.914000     0.000
228.958333  229.000000   538.38   292.08       1.964600       1.254000       2.640000     0.000
229.000000  229.041667   538.97   291.80       3.842300       2.706000       4.686000     0.000
229.041667  229.083333   539.21   291.61       1.981119       1.056000       2.970000     0.000
229.083333  229.125000   539.60   291.37       1.796300       0.990000       2.508000     0.000
229.125000  229.166667   539.70   291.13       1.167865       0.660000       1.716000     0.000
