data/MAAP/BO0001R.20120101000000.20121231000000.filter_absorption_photometer.aerosol_absorption_coefficient.pm10.1y.1h.BO01L_MAAP_5012_CHACALTAYA_BOLIVIA.NO01L_MAAP_5012.lev2.nas
76 1001
Andrade, Marcos; Zaratti, Francesco
BO01L, Universidad Mayor de San Andrés, UMSA-LAP, Laboratory for Atmospheric Physics, Campus Cota Cota calle 27, Endifico FCPN piso 3, 04680, La Paz, Bolivia
Velarde, Fernando
GAW-WDCA GUAN ACTRIS
1 1
2012 01 01   2013 03 01
0.041667
days from file reference point
7
1 1 1 1 1 1 1
9999.999999 9999.99 9999.99 999999.999999 999999.999999 999999.999999 9.999
end_time of measurement, days from the file reference point
pressure, hPa, Location=instrument internal, Matrix=instrument, Detection limit=, Detection limit expl.=, Measurement uncertainty=
temperature, K, Location=instrument internal, Matrix=instrument, Detection limit=, Detection limit expl.=, Measurement uncertainty=
aerosol_absorption_coefficient, 1/Mm, Wavelength=670.0 nm
aerosol_absorption_coefficient, 1/Mm, Wavelength=670.0 nm, Statistics=percentile:15.87
aerosol_absorption_coefficient, 1/Mm, Wavelength=670.0 nm, Statistics=percentile:84.13
numflag, no unit
0
55
Data definition:              EBAS_1.1
Set type code:                TU
Timezone:                     UTC
File name:                    BO0001R.20120101000000.20121231000000.filter_absorption_photometer.aerosol_absorption_coefficient.pm10.1y.1h.BO01L_MAAP_5012_CHACALTAYA_BOLIVIA.NO01L_MAAP_5012.lev2.nas
File creation:                20160520144914
Startdate:                    20120101000000
Revision date:                20130301000000
Version:                      1
Version description:          initial revision
Statistics:                   arithmetic mean
Data level:                   2
Period code:                  1y
Resolution code:              1h
Sample duration:              1h
Orig. time res.:              1mn
Station code:                 BO0001R
Platform code:                BO0001S
Station name:   	      Chacaltaya Station Atmospheric Monitoring Site	
Station latitude:             -16.35
Station longitude:            -68.13
Station altitude:             5240m
Measurement latitude:         -16.35
Measurement longitude:        -68.13
Measurement altitude:         5240m
Measurement height:           5.0m
Regime:                       
Component:                    aerosol_absorption_coefficient
Unit:                         1/Mm
Matrix:                       pm10
Instrument type:              filter_absorption_photometer
Laboratory code:              BO01L
Instrument name:              MAAP_5012_CHACALTAYA_BOLIVIA
Instrument manufacturer:      Thermo
Instrument model:             5012
Instrument serial number:     None
Method ref:                   NO01L_MAAP_5012
Standard method:              Single-angle_Correction=none
Inlet type:                   Whole-air inlet
Inlet description:            Automatic heater dryer which is activated for Relative Humidity great than 90%, flow 162.00 l/min
Humidity/temperature control: None
Humidity/temperature control description: passive, sample heated from atmospheric to lab temperature
Volume std. temperature:      273.15K
Volume std. pressure:         1013.25hPa
Detection limit:              0.1 1/Mm
Detection limit expl.:        Determined by instrument noise characteristics, no detection limit flag used
Measurement uncertainty:      6.0 %
Measurement uncertainty expl.: typical value of unit-to-unit variability
Zero/negative values code:    Zero/negative possible
Zero/negative values:         Zero and neg. values may appear due to statistical variations at very low concentrations
Originator:                   Andrade, Marcos, mandrade@atmos.umd.edu, Laboratory for Atmospheric Physics, LAP, , Campus Cota Cota calle 27 FCPN Building piso 3, , 4680, La Paz, Bolivia
Originator:                   Zaratti, Francesco, fzaratti@umsa.bo, Laboratory for Atmospheric Physics, LAP, , Campus Cota Cota calle 27 FCPN Building piso 3, , 4680, La Paz, Bolivia
Submitter:                    Velarde, Fernando, fvelarde@chacaltaya.edu.bo, Laboratory for Atmospheric Physics, LAP, , Campus Cota Cota calle 27 FCPN Building piso 3, , 4680, La Paz, Bolivia
Acknowledgement:              Request acknowledgement details from data originator
Comment:                      None
start_time    end_time   p_int      T_int       abs670       abs670pc16     abs670pc84   numflag 
[from data line 2001]
 83.375000   83.416667   537.63    23.55       0.410158      -0.065914       0.990000     0.000
 83.416667   83.458333  9999.99  9999.99  999999.999999  999999.999999  999999.999999     0.999
 83.458333   83.500000   538.15    23.43       0.538655       0.230848       0.758010     0.000
 83.500000   83.541667   538.61    23.54       0.595292       0.132178       1.056455     0.000
 83.541667   83.583333   539.01    23.81       0.678376       0.263650       1.223033     0.000
 83.583333   83.625000   538.99    24.19       1.356278       0.727089       2.048864     0.000
 83.625000   83.666667   538.87    24.52       8.262127       1.643677      15.015462     0.000
 83.666667   83.708333   538.51    24.59       9.965236       5.553609      14.030609     0.000
 83.708333   83.750000   538.17    24.65      13.838345       7.299382      19.105793     0.000
 83.750000   83.791667   537.94    24.83       4.521581       2.315465       7.116760     0.000
 83.791667   83.833333   537.46    24.97       2.825467       2.243030       3.444586     0.000
 83.833333   83.875000   537.10    25.08       1.795050       1.352776       2.278518     0.000
 83.875000   83.916667   537.10    25.26       0.802285       0.262832       1.354987     0.000
 83.916667   83.958333   537.21    25.31       0.830914       0.429455       1.218677     0.000
 83.958333   84.000000   537.72    25.10       0.580471       0.230974       0.956934     0.000
 84.000000   84.041667   538.22    24.78       0.655862       0.264020       1.056211     0.000
 84.041667   84.083333   538.74    24.50       0.637655       0.264139       1.088129     0.000
 84.083333   84.125000   538.86    24.28       0.726323       0.296954       1.187723     0.000
 84.125000   84.166667   538.80    24.10       0.640256       0.362842       0.990363     0.000
 84.166667   84.208333   538.59    23.92       0.511034       0.231224       0.760795     0.000
 84.208333   84.250000   538.24    23.80       0.511983       0.164934       0.987426     0.000
 84.250000   84.291667   538.05    23.69       0.540068       0.263815       0.825548     0.000
 84.291667   84.333333   537.87    23.58       0.611601       0.197426       1.087515     0.000
 84.333333   84.375000   537.83    23.49       0.461960       0.164650       0.726772     0.000
 84.375000   84.416667   537.81    23.38       0.562230       0.230485       0.891238     0.000
 84.416667   84.458333   537.97    23.28       0.567321       0.231059       0.922119     0.000
 84.458333   84.500000   538.21    23.22       0.535403       0.231145       0.890287     0.000
 84.500000   84.541667   538.91    23.24       0.507963       0.132178       0.958723     0.000
 84.541667   84.583333   539.19    23.39       0.430448       0.131941       0.825139     0.000
 84.583333   84.625000   539.15    23.67       0.477147       0.197881       0.859630     0.000
 84.625000   84.666667   539.10    23.99       0.467349       0.165059       0.857399     0.000
 84.666667   84.708333   539.00    24.36       0.470022       0.098769       0.924310     0.000
 84.708333   84.750000   538.53    24.78       0.298617      -0.132178       0.728006     0.000
 84.750000   84.791667   538.01    25.24       0.200716      -0.198290       0.725637     0.000
 84.791667   84.833333   537.37    25.78       0.091746      -0.361284       0.593624     0.000
 84.833333   84.875000   536.97    26.39       0.228063      -0.197927       0.692927     0.000
 84.875000   84.916667   536.97    26.75       0.695230       0.263861       1.319736     0.000
 84.916667   84.958333   537.07    26.74       1.301510       0.859287       1.911578     0.000
 84.958333   85.000000   537.35    26.57       1.032815       0.462218       1.552604     0.000
 85.000000   85.041667   537.81    26.31       0.884339       0.430089       1.387063     0.000
 85.041667   85.083333   538.15    26.01       0.522889       0.132112       0.955594     0.000
 85.083333   85.125000   538.32    25.71       0.170955      -0.032993       0.463769     0.000
 85.125000   85.166667   538.20    25.42       0.072086      -0.132211       0.359271     0.000
 85.166667   85.208333   538.05    25.10       0.102517      -0.131861       0.463630     0.000
 85.208333   85.250000   537.89    24.84       0.071953      -0.165152       0.395842     0.000
 85.250000   85.291667   537.50    24.60       0.066008      -0.165231       0.263492     0.000
 85.291667   85.333333   537.26    24.37       0.075315      -0.099330       0.231601     0.000
 85.333333   85.375000   537.30    24.20       0.099015      -0.164822       0.330693     0.000
 85.375000   85.416667  9999.99  9999.99  999999.999999  999999.999999  999999.999999     0.999
 85.416667   85.458333  9999.99  9999.99  999999.999999  999999.999999  999999.999999     0.999
 85.458333   85.500000  9999.99  9999.99  999999.999999  999999.999999  999999.999999     0.999
 85.500000   85.541667  9999.99  9999.99  999999.999999  999999.999999  999999.999999     0.999
 85.541667   85.583333  9999.99  9999.99  999999.999999  999999.999999  999999.999999     0.999
 85.583333   85.625000   539.39    24.52       1.032869       0.528073       1.649617     0.000
 85.625000   85.666667   539.21    24.76       0.766337       0.164908       1.553020     0.000
 85.666667   85.708333   538.90    25.00       0.102539      -0.066007       0.396515     0.000
 85.708333   85.750000   538.33    25.16      -0.051817      -0.264924       0.198396     0.000
 85.750000   85.791667   537.85    25.48       0.064638      -0.592376       0.495495     0.000
 85.791667   85.833333   537.45    25.60       0.075644      -0.131776       0.362564     0.000
 85.833333   85.875000   537.08    25.51       0.168959      -0.165000       0.527261     0.000
 85.875000   85.916667   537.22    25.48       0.018585      -0.132244       0.198046     0.000
 85.916667   85.958333   537.37    25.43       0.011021      -0.033079       0.099059     0.000
 85.958333   86.000000   537.95    25.21       0.096403      -0.164947       0.296446     0.000
 86.000000   86.041667   538.42    24.86       0.891693       0.000000       0.957125     0.000
 86.041667   86.083333   538.87    24.51       9.271262       5.213307      17.328465     0.000
 86.083333   86.125000   538.98    24.20       3.770482       2.572713       5.506591     0.000
 86.125000   86.166667   538.87    23.98       1.132281       0.527208       1.819659     0.000
 86.166667   86.208333   538.56    23.82       1.031677       0.297964       1.844548     0.000
 86.208333   86.250000  9999.99  9999.99  999999.999999  999999.999999  999999.999999     0.999
 86.250000   86.291667  9999.99  9999.99  999999.999999  999999.999999  999999.999999     0.999
 86.291667   86.333333  9999.99  9999.99  999999.999999  999999.999999  999999.999999     0.999
 86.333333   86.375000   537.56    23.41       0.761002       0.330779       1.252079     0.000
 86.375000   86.416667   537.41    23.35       0.660303      -0.032947       1.450885     0.000
 86.416667   86.458333  9999.99  9999.99  999999.999999  999999.999999  999999.999999     0.999
 86.458333   86.500000  9999.99  9999.99  999999.999999  999999.999999  999999.999999     0.999
 86.500000   86.541667  9999.99  9999.99  999999.999999  999999.999999  999999.999999     0.999
 86.541667   86.583333  9999.99  9999.99  999999.999999  999999.999999  999999.999999     0.999
 86.583333   86.625000  9999.99  9999.99  999999.999999  999999.999999  999999.999999     0.999
 86.625000   86.666667  9999.99  9999.99  999999.999999  999999.999999  999999.999999     0.999
 86.666667   86.708333  9999.99  9999.99  999999.999999  999999.999999  999999.999999     0.999
 86.708333   86.750000  9999.99  9999.99  999999.999999  999999.999999  999999.999999     0.999
 86.750000   86.791667  9999.99  9999.99  999999.999999  999999.999999  999999.999999     0.999
 86.791667   86.833333  9999.99  9999.99  999999.999999  999999.999999  999999.999999     0.999
 86.833333   86.875000  9999.99  9999.99  999999.999999  999999.999999  999999.999999     0.999
 86.875000   86.916667  9999.99  9999.99  999999.999999  999999.999999  999999.999999     0.999
 86.916667   86.958333  9999.99  9999.99  999999.999999  999999.999999  999999.999999     0.999
 86.958333   87.000000  9999.99  9999.99  999999.999999  999999.999999  999999.999999     0.999
 87.000000   87.041667  9999.99  9999.99  999999.999999  999999.999999  999999.999999     0.999
 87.041667   87.083333  9999.99  9999.99  999999.999999  999999.999999  999999.999999     0.999
 87.083333   87.125000  9999.99  9999.99  999999.999999  999999.999999  999999.999999     0.999
 87.125000   87.166667  9999.99  9999.99  999999.999999  999999.999999  999999.999999     0.999
 87.166667   87.208333  9999.99  9999.99  999999.999999  999999.999999  999999.999999     0.999
 87.208333   87.250000  9999.99  9999.99  999999.999999  999999.999999  999999.999999     0.999
 87.250000   87.291667  9999.99  9999.99  999999.999999  999999.999999  999999.999999     0.999
 87.291667   87.333333  9999.99  9999.99  999999.999999  999999.999999  999999.999999     0.999
 87.333333   87.375000  9999.99  9999.99  999999.999999  999999.999999  999999.999999     0.999
 87.375000   87.416667  9999.99  9999.99  999999.999999  999999.999999  999999.999999     0.999
 87.416667   87.458333  9999.99  9999.99  999999.999999  999999.999999  999999.999999     0.999
 87.458333   87.500000  9999.99  9999.99  999999.999999  999999.999999  999999.999999     0.999
 87.500000   87.541667  9999.99  9999.99  999999.999999  999999.999999  999999.999999     0.999
 87.541667   87.583333  9999.99  9999.99  999999.999999  999999.999999  999999.999999     0.999
 87.583333   87.625000   539.40    23.78       3.728513       1.590653       6.564373     0.000
 87.625000   87.666667   539.13    24.01      10.384406       9.317516      11.311582     0.000
 87.666667   87.708333   538.77    24.52      10.706674      10.135541      11.359953     0.000
 87.708333   87.750000   538.09    25.07       8.961213       7.796230      10.411289     0.000
 87.750000   87.791667   537.59    25.55       5.493745       4.730167       6.413550     0.000
 87.791667   87.833333   537.11    25.90       3.804188       3.527350       4.160772     0.000
 87.833333   87.875000   537.11    25.96       2.178921       1.683957       2.636568     0.000
 87.875000   87.916667   537.17    25.83       1.491543       0.922799       2.175822     0.000
 87.916667   87.958333   537.42    25.64       2.243786       1.581835       3.201640     0.000
 87.958333   88.000000  9999.99  9999.99  999999.999999  999999.999999  999999.999999     0.999
 88.000000   88.041667   538.09    25.29       0.983520       0.330317       1.646812     0.000
 88.041667   88.083333   538.73    25.12       1.109320       0.726145       1.551000     0.000
 88.083333   88.125000   538.94    24.97       0.581844       0.099079       1.255544     0.000
 88.125000   88.166667  9999.99  9999.99  999999.999999  999999.999999  999999.999999     0.999
 88.166667   88.208333   538.89    24.64       0.834098       0.297673       1.453162     0.000
 88.208333   88.250000   538.44    24.47       0.267097      -0.000000       0.560644     0.000
 88.250000   88.291667   538.02    24.31       0.204897       0.000000       0.429403     0.000
 88.291667   88.333333   538.02    24.17       0.393306       0.000000       0.858059     0.000
 88.333333   88.375000  9999.99  9999.99  999999.999999  999999.999999  999999.999999     0.999
 88.375000   88.416667   538.03    23.95       0.525901       0.131624       0.988548     0.000
 88.416667   88.458333   538.36    23.82       0.416440       0.197908       0.727789     0.000
 88.458333   88.500000   538.85    23.73       0.328610       0.066125       0.593842     0.000
 88.500000   88.541667   539.13    23.71       0.467605       0.197683       0.793742     0.000
 88.541667   88.583333   539.52    23.76       0.507377       0.132007       1.056073     0.000
 88.583333   88.625000   539.61    23.91       4.290486       0.628756       7.965725     0.000
 88.625000   88.666667   539.19    24.05       3.459321       1.251743       6.345504     0.000
 88.666667   88.708333   538.95    24.19       3.303459       0.165099       7.512971     0.000
 88.708333   88.750000   538.44    24.38       0.034292      -0.231066       0.330211     0.000
 88.750000   88.791667   538.04    24.55       0.058193      -0.165416       0.560327     0.000
 88.791667   88.833333  9999.99  9999.99  999999.999999  999999.999999  999999.999999     0.999
 88.833333   88.875000   537.80    24.59       0.433816       0.165330       0.789703     0.000
 88.875000   88.916667   537.75    24.71       0.433939       0.066066       0.857597     0.000
 88.916667   88.958333   538.03    24.70       0.369366       0.098650       0.858858     0.000
 88.958333   89.000000   538.44    24.56       0.059887      -0.066000       0.230809     0.000
 89.000000   89.041667   539.01    24.40       0.195813      -0.000000       0.461386     0.000
 89.041667   89.083333   539.57    24.18       0.233801      -0.000000       0.561356     0.000
 89.083333   89.125000   539.88    24.00       0.281935      -0.000000       0.594752     0.000
 89.125000   89.166667   539.86    23.83       0.148304       0.000000       0.363594     0.000
 89.166667   89.208333   539.68    23.68       0.194164      -0.032993       0.494736     0.000
 89.208333   89.250000   539.25    23.57       0.117986      -0.065980       0.329881     0.000
 89.250000   89.291667   539.09    23.49       0.164486      -0.032954       0.494703     0.000
 89.291667   89.333333   538.95    23.43       0.093320      -0.000000       0.230710     0.000
 89.333333   89.375000   538.90    23.42       0.103479      -0.033007       0.264766     0.000
 89.375000   89.416667   539.07    23.42       0.121110       0.000000       0.231383     0.000
 89.416667   89.458333   539.67    23.42       0.213731      -0.033033       0.230287     0.000
 89.458333   89.500000   540.07    23.44       0.063802      -0.033059       0.164657     0.000
 89.500000   89.541667   540.71    23.50       0.089273      -0.033026       0.198363     0.000
 89.541667   89.583333   541.05    23.64       0.054083      -0.231396       0.330284     0.000
 89.583333   89.625000   541.07    24.04      -0.030310      -0.429297       0.297323     0.000
 89.625000   89.666667   540.98    24.54       0.004956      -0.593406       0.461802     0.000
 89.666667   89.708333   540.51    25.07       0.165014      -0.198660       0.660924     0.000
 89.708333   89.750000   539.99    25.55      -0.182837      -0.395789       0.165040     0.000
 89.750000   89.791667   539.70    25.73       0.025087      -0.098809       0.231152     0.000
 89.791667   89.833333   539.15    25.70      -0.004743      -0.065914       0.033020     0.000
 89.833333   89.875000   539.04    25.66      -0.003766      -0.065901       0.098855     0.000
 89.875000   89.916667   539.05    25.79      -0.012874      -0.197822       0.198548     0.000
 89.916667   89.958333   539.34    25.96       0.083458      -0.066000       0.264535     0.000
 89.958333   90.000000   539.88    25.86       0.299125       0.000000       0.793716     0.000
 90.000000   90.041667   540.24    25.66       0.103601      -0.066238       0.264396     0.000
 90.041667   90.083333   540.89    25.45       0.120804      -0.000000       0.264059     0.000
 90.083333   90.125000   540.98    25.27       0.131357      -0.099231       0.396607     0.000
 90.125000   90.166667   540.91    25.13       0.283915       0.066112       0.528739     0.000
 90.166667   90.208333  9999.99  9999.99  999999.999999  999999.999999  999999.999999     0.999
 90.208333   90.250000   540.14    24.88       0.116183      -0.198343       0.396766     0.000
