data/MAAP/BO0001R.20130101000000.20131231000000.filter_absorption_photometer.aerosol_absorption_coefficient.pm10.1y.1h.BO01L_MAAP_5012_CHACALTAYA_BOLIVIA.NO01L_MAAP_5012.lev2.nas
76 1001
Andrade, Marcos; Zaratti, Francesco
BO01L, Universidad Mayor de San Andrés, UMSA-LAP, Laboratory for Atmospheric Physics, Campus Cota Cota calle 27, Endifico FCPN piso 3, 04680, La Paz, Bolivia
Velarde, Fernando
GAW-WDCA GUAN ACTRIS
1 1
2013 01 01   2014 03 01
0.041667
days from file reference point
7
1 1 1 1 1 1 1
9999.999999 9999.99 9999.99 999999.999999 999999.999999 999999.999999 9.999
end_time of measurement, days from the file reference point
pressure, hPa, Location=instrument internal, Matrix=instrument, Detection limit=, Detection limit expl.=, Measurement uncertainty=
temperature, K, Location=instrument internal, Matrix=instrument, Detection limit=, Detection limit expl.=, Measurement uncertainty=
aerosol_absorption_coefficient, 1/Mm, Wavelength=670.0 nm
aerosol_absorption_coefficient, 1/Mm, Wavelength=670.0 nm, Statistics=percentile:15.87
aerosol_absorption_coefficient, 1/Mm, Wavelength=670.0 nm, Statistics=percentile:84.13
numflag, no unit
0
55
Data definition:              EBAS_1.1
Set type code:                TU
Timezone:                     UTC
File name:                    BO0001R.20130101000000.20131231000000.filter_absorption_photometer.aerosol_absorption_coefficient.pm10.1y.1h.BO01L_MAAP_5012_CHACALTAYA_BOLIVIA.NO01L_MAAP_5012.lev2.nas
File creation:                20160520145946
Startdate:                    20130101000000
Revision date:                20140301000000
Version:                      1
Version description:          initial revision
Statistics:                   arithmetic mean
Data level:                   2
Period code:                  1y
Resolution code:              1h
Sample duration:              1h
Orig. time res.:              1mn
Station code:                 BO0001R
Platform code:                BO0001S
Station name:   	      Chacaltaya Station Atmospheric Monitoring Site	
Station latitude:             -16.35
Station longitude:            -68.13
Station altitude:             5240m
Measurement latitude:         -16.35
Measurement longitude:        -68.13
Measurement altitude:         5240m
Measurement height:           5.0m
Regime:                       
Component:                    aerosol_absorption_coefficient
Unit:                         1/Mm
Matrix:                       pm10
Instrument type:              filter_absorption_photometer
Laboratory code:              BO01L
Instrument name:              MAAP_5012_CHACALTAYA_BOLIVIA
Instrument manufacturer:      Thermo
Instrument model:             5012
Instrument serial number:     None
Method ref:                   NO01L_MAAP_5012
Standard method:              Single-angle_Correction=none
Inlet type:                   Whole-air inlet
Inlet description:            Automatic heater dryer which is activated for Relative Humidity great than 90%, flow 162.00 l/min
Humidity/temperature control: None
Humidity/temperature control description: passive, sample heated from atmospheric to lab temperature
Volume std. temperature:      273.15K
Volume std. pressure:         1013.25hPa
Detection limit:              0.1 1/Mm
Detection limit expl.:        Determined by instrument noise characteristics, no detection limit flag used
Measurement uncertainty:      6.0 %
Measurement uncertainty expl.: typical value of unit-to-unit variability
Zero/negative values code:    Zero/negative possible
Zero/negative values:         Zero and neg. values may appear due to statistical variations at very low concentrations
Originator:                   Andrade, Marcos, mandrade@atmos.umd.edu, Laboratory for Atmospheric Physics, LAP, , Campus Cota Cota calle 27 FCPN Building piso 3, , 4680, La Paz, Bolivia
Originator:                   Zaratti, Francesco, fzaratti@umsa.bo, Laboratory for Atmospheric Physics, LAP, , Campus Cota Cota calle 27 FCPN Building piso 3, , 4680, La Paz, Bolivia
Submitter:                    Velarde, Fernando, fvelarde@chacaltaya.edu.bo, Laboratory for Atmospheric Physics, LAP, , Campus Cota Cota calle 27 FCPN Building piso 3, , 4680, La Paz, Bolivia
Acknowledgement:              Request acknowledgement details from data originator
Comment:                      None
start_time    end_time   p_int      T_int       abs670       abs670pc16     abs670pc84   numflag 
[from data line 5167]
215.291667  215.333333   539.35    27.46       0.384577       0.132000       0.726000     0.000
215.333333  215.375000   539.07    27.24       0.390923       0.066000       0.726000     0.000
215.375000  215.416667   539.13    27.02       0.317878       0.000000       0.594000     0.000
215.416667  215.458333   539.33    26.81       0.438000       0.132000       0.924000     0.000
215.458333  215.500000   539.84    26.68       0.356400       0.066000       0.660000     0.000
215.500000  215.541667   540.13    26.65       0.428298      -0.000000       0.924000     0.000
215.541667  215.583333   540.73    26.84       0.440400       0.066000       0.924000     0.000
215.583333  215.625000   540.78    27.24       0.718080       0.264000       1.254000     0.000
215.625000  215.666667   540.42    27.79       0.816000       0.264000       1.452000     0.000
215.666667  215.708333   539.99    28.30       0.790755       0.132000       1.386000     0.000
215.708333  215.750000   539.45    28.70       0.924000       0.462000       1.452000     0.000
215.750000  215.791667   538.67    29.12       1.072500       0.660000       1.716000     0.000
215.791667  215.833333   538.21    29.62       0.984500       0.462000       1.914000     0.000
215.833333  215.875000   538.06    30.23       0.957000       0.330000       1.716000     0.000
215.875000  215.916667   538.02    31.15       1.082889       0.066000       2.046000     0.000
215.916667  215.958333   538.11    32.21       1.148848       0.462000       1.848000     0.000
215.958333  216.000000   538.55    31.74       1.355200       0.660000       2.178000     0.000
216.000000  216.041667   539.00    31.04       1.309000       0.726000       2.046000     0.000
216.041667  216.083333   539.22    30.42       1.004300       0.462000       1.650000     0.000
216.083333  216.125000   539.27    29.86       1.256201       0.462000       2.046000     0.000
216.125000  216.166667   539.23    29.40       1.117600       0.528000       1.650000     0.000
216.166667  216.208333   539.11    29.05       1.283587       0.792000       1.980000     0.000
216.208333  216.250000   538.90    28.77       1.084600       0.660000       1.584000     0.000
216.250000  216.291667   538.56    28.55       1.048300       0.594000       1.452000     0.000
216.291667  216.333333   538.16    28.35       1.142400       0.660000       1.584000     0.000
216.333333  216.375000   538.08    28.17       1.233000       0.858000       1.782000     0.000
216.375000  216.416667   538.16    27.99       1.151700       0.726000       1.584000     0.000
216.416667  216.458333   538.68    27.83       1.090572       0.726000       1.518000     0.000
216.458333  216.500000   539.05    27.68       1.127077       0.594000       1.716000     0.000
216.500000  216.541667   539.82    27.62       0.920700       0.660000       1.254000     0.000
216.541667  216.583333   540.33    27.72       0.891943       0.528000       1.386000     0.000
216.583333  216.625000   540.55    28.03       1.011353       0.462000       1.452000     0.000
216.625000  216.666667   540.16    28.47       1.206615       0.858000       1.650000     0.000
216.666667  216.708333   539.75    29.04       1.780778       1.122000       2.376000     0.000
216.708333  216.750000   539.10    29.53       1.608116       1.122000       2.112000     0.000
216.750000  216.791667   538.67    29.89       1.701700       1.386000       2.112000     0.000
216.791667  216.833333   538.16    30.20       1.562000       1.056000       2.178000     0.000
216.833333  216.875000   538.09    30.55       1.272700       0.792000       1.914000     0.000
216.875000  216.916667   537.97    31.36       1.144393       0.066000       1.848000     0.000
216.916667  216.958333   537.95    32.71       1.338679       0.792000       2.046000     0.000
216.958333  217.000000   538.25    32.27       1.598520       1.056000       2.244000     0.000
217.000000  217.041667   538.93    31.60       1.512500       0.924000       2.112000     0.000
217.041667  217.083333   539.46    31.04       1.495154       0.924000       2.112000     0.000
217.083333  217.125000   539.86    30.58       1.541834       0.990000       2.376000     0.000
217.125000  217.166667   539.84    30.20       1.223415       0.726000       1.716000     0.000
217.166667  217.208333   539.71    29.92       1.314261       0.792000       1.848000     0.000
217.208333  217.250000   539.21    29.64       1.315286       0.858000       1.848000     0.000
217.250000  217.291667   538.98    29.43       1.580700       0.858000       2.706000     0.000
217.291667  217.333333   538.77    29.23       2.291667       1.452000       3.234000     0.000
217.333333  217.375000   538.56    29.05       0.750973       0.132000       1.518000     0.000
217.375000  217.416667   538.59    28.87       0.333474       0.000000       0.726000     0.000
217.416667  217.458333   538.84    28.69       0.307500       0.066000       0.528000     0.000
217.458333  217.500000   539.08    28.48       0.280923       0.000000       0.594000     0.000
217.500000  217.541667   539.66    28.31       0.250186      -0.000000       0.594000     0.000
217.541667  217.583333   540.05    28.28       0.194857      -0.264000       0.726000     0.000
217.583333  217.625000   540.16    28.49       0.570308      -0.000000       1.452000     0.000
217.625000  217.666667   540.03    28.91       0.181500      -0.198000       0.660000     0.000
217.666667  217.708333   539.76    29.37       0.171600      -0.198000       0.660000     0.000
217.708333  217.750000   539.09    29.77       0.364650       0.066000       0.858000     0.000
217.750000  217.791667   538.49    30.17       0.468875      -0.000000       1.122000     0.000
217.791667  217.833333   538.14    30.46       0.517579      -0.000000       1.452000     0.000
217.833333  217.875000   538.06    30.82       0.441257      -0.000000       0.924000     0.000
217.875000  217.916667   538.12    31.32       0.267474      -0.198000       0.792000     0.000
217.916667  217.958333   538.37    31.75       0.292000       0.000000       0.726000     0.000
217.958333  218.000000   538.98    31.39       6.320600       1.320000       9.504001     0.000
218.000000  218.041667   539.42    30.91       4.169000       2.772000       5.148000     0.000
218.041667  218.083333  9999.99  9999.99  999999.999999  999999.999999  999999.999999     0.999
218.083333  218.125000  9999.99  9999.99  999999.999999  999999.999999  999999.999999     0.999
218.125000  218.166667  9999.99  9999.99  999999.999999  999999.999999  999999.999999     0.999
218.166667  218.208333  9999.99  9999.99  999999.999999  999999.999999  999999.999999     0.999
218.208333  218.250000  9999.99  9999.99  999999.999999  999999.999999  999999.999999     0.999
218.250000  218.291667  9999.99  9999.99  999999.999999  999999.999999  999999.999999     0.999
218.291667  218.333333   538.69    28.63       1.173563       0.858000       1.584000     0.000
218.333333  218.375000   538.40    28.44       1.217806       0.858000       1.584000     0.000
218.375000  218.416667   538.59    28.25       1.430550       0.924000       2.046000     0.000
218.416667  218.458333   538.90    28.04       1.324258       0.924000       1.782000     0.000
218.458333  218.500000   539.15    27.89       1.399200       0.726000       2.112000     0.000
218.500000  218.541667  9999.99  9999.99  999999.999999  999999.999999  999999.999999     0.999
218.541667  218.583333   540.03    28.06       1.206857       0.858000       1.452000     0.000
218.583333  218.625000  9999.99  9999.99  999999.999999  999999.999999  999999.999999     0.999
218.625000  218.666667  9999.99  9999.99  999999.999999  999999.999999  999999.999999     0.999
218.666667  218.708333   539.14    29.33       1.304069       0.660000       1.848000     0.000
218.708333  218.750000   538.68    29.68       1.203783       0.726000       1.584000     0.000
218.750000  218.791667   537.95    29.97       1.122000       0.660000       1.716000     0.000
218.791667  218.833333   537.61    30.07       0.600600       0.132000       1.122000     0.000
218.833333  218.875000   537.39    30.15       0.872667       0.528000       1.386000     0.000
218.875000  218.916667   537.72    30.22       6.199111       0.990000      14.388000     0.000
218.916667  218.958333  9999.99  9999.99  999999.999999  999999.999999  999999.999999     0.999
218.958333  219.000000  9999.99  9999.99  999999.999999  999999.999999  999999.999999     0.999
219.000000  219.041667  9999.99  9999.99  999999.999999  999999.999999  999999.999999     0.999
219.041667  219.083333  9999.99  9999.99  999999.999999  999999.999999  999999.999999     0.999
219.083333  219.125000  9999.99  9999.99  999999.999999  999999.999999  999999.999999     0.999
219.125000  219.166667  9999.99  9999.99  999999.999999  999999.999999  999999.999999     0.999
219.166667  219.208333  9999.99  9999.99  999999.999999  999999.999999  999999.999999     0.999
219.208333  219.250000  9999.99  9999.99  999999.999999  999999.999999  999999.999999     0.999
219.250000  219.291667  9999.99  9999.99  999999.999999  999999.999999  999999.999999     0.999
219.291667  219.333333  9999.99  9999.99  999999.999999  999999.999999  999999.999999     0.999
219.333333  219.375000  9999.99  9999.99  999999.999999  999999.999999  999999.999999     0.999
219.375000  219.416667  9999.99  9999.99  999999.999999  999999.999999  999999.999999     0.999
219.416667  219.458333  9999.99  9999.99  999999.999999  999999.999999  999999.999999     0.999
219.458333  219.500000  9999.99  9999.99  999999.999999  999999.999999  999999.999999     0.999
219.500000  219.541667  9999.99  9999.99  999999.999999  999999.999999  999999.999999     0.999
219.541667  219.583333   538.58    26.63       0.159077      -0.132000       0.528000     0.000
219.583333  219.625000   538.85    26.91       0.445077       0.000000       1.056000     0.000
219.625000  219.666667   538.64    27.18       0.722700       0.198000       1.452000     0.000
219.666667  219.708333   538.04    27.52       0.592350       0.330000       0.990000     0.000
219.708333  219.750000   537.42    28.05       0.631500       0.264000       1.386000     0.000
219.750000  219.791667   536.76    28.53       0.747577       0.066000       1.386000     0.000
219.791667  219.833333   536.30    28.98       0.865174       0.264000       1.650000     0.000
219.833333  219.875000   536.15    29.37       0.825647       0.264000       1.452000     0.000
219.875000  219.916667   536.22    29.56       0.705833       0.198000       1.254000     0.000
219.916667  219.958333   536.52    29.51       0.537658       0.132000       1.188000     0.000
219.958333  220.000000   537.04    29.27       0.431106       0.132000       0.792000     0.000
220.000000  220.041667   537.39    29.03       0.499304       0.066000       0.924000     0.000
220.041667  220.083333   537.89    28.80       0.487277       0.132000       0.792000     0.000
220.083333  220.125000   538.04    28.59       0.738571       0.396000       1.254000     0.000
220.125000  220.166667   538.06    28.40       0.801428       0.330000       1.254000     0.000
220.166667  220.208333   537.88    28.24       0.673814       0.132000       1.188000     0.000
220.208333  220.250000   537.63    28.10       0.486750       0.198000       0.858000     0.000
220.250000  220.291667   537.45    27.97       0.776470       0.396000       1.320000     0.000
220.291667  220.333333   537.13    27.80       0.480615       0.132000       0.924000     0.000
220.333333  220.375000   537.00    27.62       0.498414       0.066000       0.990000     0.000
220.375000  220.416667  9999.99  9999.99  999999.999999  999999.999999  999999.999999     0.999
220.416667  220.458333   537.19    27.20       0.665657       0.198000       1.188000     0.000
220.458333  220.500000  9999.99  9999.99  999999.999999  999999.999999  999999.999999     0.999
220.500000  220.541667  9999.99  9999.99  999999.999999  999999.999999  999999.999999     0.999
220.541667  220.583333  9999.99  9999.99  999999.999999  999999.999999  999999.999999     0.999
220.583333  220.625000  9999.99  9999.99  999999.999999  999999.999999  999999.999999     0.999
220.625000  220.666667  9999.99  9999.99  999999.999999  999999.999999  999999.999999     0.999
220.666667  220.708333  9999.99  9999.99  999999.999999  999999.999999  999999.999999     0.999
220.708333  220.750000  9999.99  9999.99  999999.999999  999999.999999  999999.999999     0.999
220.750000  220.791667  9999.99  9999.99  999999.999999  999999.999999  999999.999999     0.999
220.791667  220.833333  9999.99  9999.99  999999.999999  999999.999999  999999.999999     0.999
220.833333  220.875000   536.16    27.28       0.603428       0.264000       1.122000     0.000
220.875000  220.916667   536.18    27.88       0.928714       0.396000       1.386000     0.000
220.916667  220.958333   536.27    28.46       0.848571       0.330000       1.188000     0.000
220.958333  221.000000   536.84    28.42       1.693312       0.858000       2.706000     0.000
221.000000  221.041667   537.19    28.26       5.324000       4.158000       6.666000     0.000
221.041667  221.083333  9999.99  9999.99  999999.999999  999999.999999  999999.999999     0.999
221.083333  221.125000  9999.99  9999.99  999999.999999  999999.999999  999999.999999     0.999
221.125000  221.166667  9999.99  9999.99  999999.999999  999999.999999  999999.999999     0.999
221.166667  221.208333   538.12    27.27       0.518222       0.132000       1.122000     0.000
221.208333  221.250000  9999.99  9999.99  999999.999999  999999.999999  999999.999999     0.999
221.250000  221.291667  9999.99  9999.99  999999.999999  999999.999999  999999.999999     0.999
221.291667  221.333333  9999.99  9999.99  999999.999999  999999.999999  999999.999999     0.999
221.333333  221.375000  9999.99  9999.99  999999.999999  999999.999999  999999.999999     0.999
221.375000  221.416667  9999.99  9999.99  999999.999999  999999.999999  999999.999999     0.999
221.416667  221.458333  9999.99  9999.99  999999.999999  999999.999999  999999.999999     0.999
221.458333  221.500000  9999.99  9999.99  999999.999999  999999.999999  999999.999999     0.999
221.500000  221.541667  9999.99  9999.99  999999.999999  999999.999999  999999.999999     0.999
221.541667  221.583333  9999.99  9999.99  999999.999999  999999.999999  999999.999999     0.999
221.583333  221.625000  9999.99  9999.99  999999.999999  999999.999999  999999.999999     0.999
221.625000  221.666667   538.85    26.31      15.182063       4.422000      25.344000     0.000
221.666667  221.708333   538.53    26.73      11.549999       3.828000      21.449999     0.000
221.708333  221.750000   538.04    27.18       2.739000       1.584000       3.960000     0.000
221.750000  221.791667   537.46    27.61       1.834000       0.990000       2.706000     0.000
221.791667  221.833333   537.11    28.08       2.376000       1.650000       3.366000     0.000
221.833333  221.875000   537.09    28.61       4.048759       3.102000       5.148000     0.000
221.875000  221.916667   537.05    29.24       3.258514       2.640000       3.828000     0.000
221.916667  221.958333   537.15    29.70       2.787400       2.310000       3.366000     0.000
221.958333  222.000000  9999.99  9999.99  999999.999999  999999.999999  999999.999999     0.999
222.000000  222.041667  9999.99  9999.99  999999.999999  999999.999999  999999.999999     0.999
222.041667  222.083333  9999.99  9999.99  999999.999999  999999.999999  999999.999999     0.999
222.083333  222.125000   538.80    28.21       0.528000       0.132000       1.254000     0.000
222.125000  222.166667   538.91    27.83       0.613161       0.132000       1.122000     0.000
222.166667  222.208333   538.84    27.54       0.640839       0.132000       1.188000     0.000
