data/MAAP/BO0001R.20150101000000.20151231000000.filter_absorption_photometer.aerosol_absorption_coefficient.pm10.1y.1h.BO01L_MAAP_5012_CHACALTAYA_BOLIVIA.NO01L_MAAP_5012.lev2.nas
76 1001
Andrade, Marcos; Zaratti, Francesco
BO01L, Universidad Mayor de San Andrés, UMSA-LAP, Laboratory for Atmospheric Physics, Campus Cota Cota calle 27, Endifico FCPN piso 3, 04680, La Paz, Bolivia
Velarde, Fernando
GAW-WDCA GUAN ACTRIS
1 1
2015 01 01   2016 03 01
0.041667
days from file reference point
7
1 1 1 1 1 1 1
9999.999999 9999.99 9999.99 999999.999999 999999.999999 999999.999999 9.999
end_time of measurement, days from the file reference point
pressure, hPa, Location=instrument internal, Matrix=instrument, Detection limit=, Detection limit expl.=, Measurement uncertainty=
temperature, K, Location=instrument internal, Matrix=instrument, Detection limit=, Detection limit expl.=, Measurement uncertainty=
aerosol_absorption_coefficient, 1/Mm, Wavelength=670.0 nm
aerosol_absorption_coefficient, 1/Mm, Wavelength=670.0 nm, Statistics=percentile:15.87
aerosol_absorption_coefficient, 1/Mm, Wavelength=670.0 nm, Statistics=percentile:84.13
numflag, no unit
0
55
Data definition:              EBAS_1.1
Set type code:                TU
Timezone:                     UTC
File name:                    BO0001R.20150101000000.20151231000000.filter_absorption_photometer.aerosol_absorption_coefficient.pm10.1y.1h.BO01L_MAAP_5012_CHACALTAYA_BOLIVIA.NO01L_MAAP_5012.lev2.nas
File creation:                20160617204933
Startdate:                    20150101000000
Revision date:                20160301000000
Version:                      1
Version description:          initial revision
Statistics:                   arithmetic mean
Data level:                   2
Period code:                  1y
Resolution code:              1h
Sample duration:              1h
Orig. time res.:              1mn
Station code:                 BO0001R
Platform code:                BO0001S
Station name:   	      Chacaltaya Station Atmospheric Monitoring Site	
Station latitude:             -16.35
Station longitude:            -68.13
Station altitude:             5240m
Measurement latitude:         -16.35
Measurement longitude:        -68.13
Measurement altitude:         5240m
Measurement height:           5.0m
Regime:                       
Component:                    aerosol_absorption_coefficient
Unit:                         1/Mm
Matrix:                       pm10
Instrument type:              filter_absorption_photometer
Laboratory code:              BO01L
Instrument name:              MAAP_5012_CHACALTAYA_BOLIVIA
Instrument manufacturer:      Thermo
Instrument model:             5012
Instrument serial number:     None
Method ref:                   NO01L_MAAP_5012
Standard method:              Single-angle_Correction=none
Inlet type:                   Whole-air inlet
Inlet description:            Automatic heater dryer which is activated for Relative Humidity great than 90%, flow 162.00 l/min
Humidity/temperature control: None
Humidity/temperature control description: passive, sample heated from atmospheric to lab temperature
Volume std. temperature:      273.15K
Volume std. pressure:         1013.25hPa
Detection limit:              0.1 1/Mm
Detection limit expl.:        Determined by instrument noise characteristics, no detection limit flag used
Measurement uncertainty:      6.0 %
Measurement uncertainty expl.: typical value of unit-to-unit variability
Zero/negative values code:    Zero/negative possible
Zero/negative values:         Zero and neg. values may appear due to statistical variations at very low concentrations
Originator:                   Andrade, Marcos, mandrade@atmos.umd.edu, Laboratory for Atmospheric Physics, LAP, , Campus Cota Cota calle 27 FCPN Building piso 3, , 4680, La Paz, Bolivia
Originator:                   Zaratti, Francesco, fzaratti@umsa.bo, Laboratory for Atmospheric Physics, LAP, , Campus Cota Cota calle 27 FCPN Building piso 3, , 4680, La Paz, Bolivia
Submitter:                    Velarde, Fernando, fvelarde@chacaltaya.edu.bo, Laboratory for Atmospheric Physics, LAP, , Campus Cota Cota calle 27 FCPN Building piso 3, , 4680, La Paz, Bolivia
Acknowledgement:              Request acknowledgement details from data originator
Comment:                      None
start_time    end_time   p_int      T_int       abs670       abs670pc16     abs670pc84   numflag 
[from data line 334]
 13.916667   13.958333   537.68   310.36       1.172600       0.330000       1.848000     0.000
 13.958333   14.000000   538.04   310.30       0.821700       0.330000       1.320000     0.000
 14.000000   14.041667   538.63   309.79       1.051600       0.462000       1.716000     0.000
 14.041667   14.083333   539.02   309.26       0.813621       0.330000       1.320000     0.000
 14.083333   14.125000   539.29   308.77       0.631552       0.198000       0.990000     0.000
 14.125000   14.166667   539.29   308.37       0.836000       0.330000       1.254000     0.000
 14.166667   14.208333   539.04   308.04       1.028690       0.528000       1.716000     0.000
 14.208333   14.250000   538.89   307.77       1.699500       1.188000       2.310000     0.000
 14.250000   14.291667   538.67   307.55       1.842501       0.792000       2.904000     0.000
 14.291667   14.333333   538.45   307.36       1.134100       0.594000       1.716000     0.000
 14.333333   14.375000   538.49   307.19       0.636900       0.198000       0.990000     0.000
 14.375000   14.416667   538.74   307.03       0.876700       0.264000       1.320000     0.000
 14.416667   14.458333   539.00   306.89       0.630300       0.198000       1.056000     0.000
 14.458333   14.500000   539.28   306.82       0.712800      -0.000000       1.386000     0.000
 14.500000   14.541667   539.85   306.87       0.630300       0.132000       1.188000     0.000
 14.541667   14.583333   540.05   307.10       0.737000       0.264000       1.452000     0.000
 14.583333   14.625000   540.04   307.49       3.023900       0.396000       6.138000     0.000
 14.625000   14.666667   539.96   307.85       3.478200       2.838000       4.092000     0.000
 14.666667   14.708333   539.75   308.20       2.501400       1.914000       3.036000     0.000
 14.708333   14.750000   539.28   308.61       2.541001       1.980000       3.234000     0.000
 14.750000   14.791667   539.02   309.11       2.000901       1.518000       2.706000     0.000
 14.791667   14.833333   538.83   309.31       1.263900       0.660000       1.980000     0.000
 14.833333   14.875000   538.43   309.36       0.893200       0.396000       1.386000     0.000
 14.875000   14.916667   538.37   309.44       0.512600       0.132000       0.924000     0.000
 14.916667   14.958333   538.30   309.53       0.327800       0.000000       0.792000     0.000
 14.958333   15.000000   538.57   309.43       0.352000      -0.000000       0.726000     0.000
 15.000000   15.041667   539.01   309.15       0.291500      -0.000000       0.528000     0.000
 15.041667   15.083333   539.44   308.83       0.291500       0.000000       0.858000     0.000
 15.083333   15.125000   539.97   308.54       0.453051       0.066000       0.858000     0.000
 15.125000   15.166667   539.94   308.28       0.270600       0.000000       0.528000     0.000
 15.166667   15.208333   539.69   308.04       0.992200       0.132000       1.650000     0.000
 15.208333   15.250000   539.11   307.86       0.839300       0.462000       1.254000     0.000
 15.250000   15.291667   538.96   307.71       0.874500       0.462000       1.320000     0.000
 15.291667   15.333333   538.91   307.55       0.907500       0.528000       1.254000     0.000
 15.333333   15.375000   538.90   307.38       0.772200       0.330000       1.188000     0.000
 15.375000   15.416667   538.99   307.23       0.640200       0.264000       0.990000     0.000
 15.416667   15.458333   539.21   307.07       0.772200       0.330000       1.122000     0.000
 15.458333   15.500000   539.64   306.98       0.947100       0.066000       1.584000     0.000
 15.500000   15.541667   540.01   306.97       0.484000       0.066000       0.924000     0.000
 15.541667   15.583333   540.12   307.12       0.697400       0.264000       1.056000     0.000
 15.583333   15.625000   540.27   307.39       1.335401       0.528000       1.980000     0.000
 15.625000   15.666667   540.24   307.57       1.129700       0.594000       1.518000     0.000
 15.666667   15.708333   540.04   307.53       1.527429       0.792000       2.574000     0.000
 15.708333   15.750000  9999.99  9999.99  999999.999999  999999.999999  999999.999999     0.999
 15.750000   15.791667  9999.99  9999.99  999999.999999  999999.999999  999999.999999     0.999
 15.791667   15.833333  9999.99  9999.99  999999.999999  999999.999999  999999.999999     0.999
 15.833333   15.875000   538.90   306.47       0.293633      -0.000000       0.660000     0.000
 15.875000   15.916667   538.99   306.33       1.401231       0.462000       2.112000     0.000
 15.916667   15.958333   539.05   306.11       0.790800       0.396000       1.188000     0.000
 15.958333   16.000000   539.34   306.03       0.646038       0.264000       1.056000     0.000
 16.000000   16.041667   539.76   305.91       0.649224       0.132000       1.188000     0.000
 16.041667   16.083333   540.05   305.77       0.565714       0.198000       0.990000     0.000
 16.083333   16.125000   540.25   305.63       0.755489       0.264000       1.188000     0.000
 16.125000   16.166667   540.21   305.51       0.646800       0.330000       0.990000     0.000
 16.166667   16.208333   539.99   305.41       0.526596       0.198000       0.792000     0.000
 16.208333   16.250000   539.49   305.32       0.616500       0.264000       0.924000     0.000
 16.250000   16.291667   539.04   305.21       0.534000       0.132000       0.924000     0.000
 16.291667   16.333333   538.82   305.10       0.449625       0.198000       0.726000     0.000
 16.333333   16.375000   538.73   305.01       0.449263       0.000000       0.924000     0.000
 16.375000   16.416667   538.83   304.93       0.289300      -0.000000       0.528000     0.000
 16.416667   16.458333   539.04   304.84       0.249700       0.000000       0.528000     0.000
 16.458333   16.500000   539.46   304.80       0.238700      -0.000000       0.462000     0.000
 16.500000   16.541667   539.93   304.85       0.302500       0.066000       0.528000     0.000
 16.541667   16.583333   540.07   305.05       0.135300      -0.132000       0.594000     0.000
 16.583333   16.625000   540.09   305.50       0.292600      -0.000000       0.792000     0.000
 16.625000   16.666667   540.01   306.06       0.137500      -0.264000       0.528000     0.000
 16.666667   16.708333   539.84   306.62       0.067100      -0.528000       0.660000     0.000
 16.708333   16.750000   539.36   307.28       0.031900      -0.594000       0.528000     0.000
 16.750000   16.791667   538.97   307.89       0.064900      -0.528000       0.462000     0.000
 16.791667   16.833333   538.47   308.33       0.138600      -0.132000       0.528000     0.000
 16.833333   16.875000   538.19   308.53       0.070400      -0.066000       0.330000     0.000
 16.875000   16.916667   538.20   308.53       0.214500      -0.000000       0.462000     0.000
 16.916667   16.958333   538.33   308.37       0.207900      -0.066000       0.594000     0.000
 16.958333   17.000000   538.49   308.13       0.234300       0.000000       0.462000     0.000
 17.000000   17.041667   538.95   307.84       0.102300      -0.132000       0.396000     0.000
 17.041667   17.083333   539.49   307.50       0.114400      -0.132000       0.396000     0.000
 17.083333   17.125000   539.93   307.18       0.015400      -0.198000       0.264000     0.000
 17.125000   17.166667   539.84   306.90       0.084700      -0.132000       0.330000     0.000
 17.166667   17.208333   539.21   306.65       0.068200      -0.198000       0.396000     0.000
 17.208333   17.250000   538.98   306.45       0.086900      -0.198000       0.330000     0.000
 17.250000   17.291667   538.72   306.29       0.088000      -0.132000       0.330000     0.000
 17.291667   17.333333   538.32   306.16       0.030800      -0.000000       0.132000     0.000
 17.333333   17.375000   538.24   306.05       0.121000      -0.066000       0.528000     0.000
 17.375000   17.416667   538.58   305.95       0.012100      -0.132000       0.132000     0.000
 17.416667   17.458333   538.99   305.89       0.033000      -0.066000       0.198000     0.000
 17.458333   17.500000   539.42   305.87       0.063800      -0.462000       0.594000     0.000
 17.500000   17.541667   539.86   305.95       0.107800      -0.066000       0.330000     0.000
 17.541667   17.583333   540.00   306.23      -0.055000      -0.264000       0.198000     0.000
 17.583333   17.625000   539.97   306.72       0.018700      -0.264000       0.396000     0.000
 17.625000   17.666667   539.71   307.34      -0.061600      -0.462000       0.330000     0.000
 17.666667   17.708333   539.20   307.99       0.234300      -0.330000       0.924000     0.000
 17.708333   17.750000   538.98   308.37       0.218900      -0.198000       0.660000     0.000
 17.750000   17.791667   538.53   308.47       0.063800      -0.066000       0.264000     0.000
 17.791667   17.833333   538.08   308.59       0.034100      -0.264000       0.396000     0.000
 17.833333   17.875000   537.70   308.75       0.211200      -0.000000       0.396000     0.000
 17.875000   17.916667   537.85   308.71       0.291500       0.066000       0.462000     0.000
 17.916667   17.958333   538.09   308.59       0.363000      -0.000000       0.726000     0.000
 17.958333   18.000000   538.52   308.40       0.456500      -0.000000       0.858000     0.000
 18.000000   18.041667   538.93   308.17       0.178200      -0.000000       0.396000     0.000
 18.041667   18.083333   539.33   307.93       0.205700      -0.066000       0.594000     0.000
 18.083333   18.125000   539.88   307.73       0.238700       0.000000       0.462000     0.000
 18.125000   18.166667   539.75   307.55       0.367400       0.066000       0.660000     0.000
 18.166667   18.208333   539.14   307.38       0.467500       0.066000       0.924000     0.000
 18.208333   18.250000   538.84   307.22       0.394900       0.000000       0.792000     0.000
 18.250000   18.291667   538.32   307.06       0.075900      -0.066000       0.198000     0.000
 18.291667   18.333333   538.11   306.91       0.232100      -0.000000       0.528000     0.000
 18.333333   18.375000   538.03   306.79       0.189200       0.000000       0.462000     0.000
 18.375000   18.416667   538.11   306.67       0.265100      -0.000000       0.594000     0.000
 18.416667   18.458333   538.50   306.57       0.169400      -0.000000       0.330000     0.000
 18.458333   18.500000   539.00   306.51       0.207900       0.000000       0.462000     0.000
 18.500000   18.541667   539.28   306.57       0.431200       0.066000       0.858000     0.000
 18.541667   18.583333   539.63   306.82       0.733700       0.330000       1.320000     0.000
 18.583333   18.625000   539.59   307.17       0.505102      -0.066000       1.188000     0.000
 18.625000   18.666667   539.25   307.82       0.368739      -0.330000       1.056000     0.000
 18.666667   18.708333   539.08   308.24       0.632077      -0.000000       1.320000     0.000
 18.708333   18.750000   538.82   308.65       0.250800      -0.396000       0.990000     0.000
 18.750000   18.791667   538.21   308.97       0.127448      -0.132000       0.396000     0.000
 18.791667   18.833333   537.93   309.17      -0.035020      -0.198000       0.264000     0.000
 18.833333   18.875000   537.30   309.35       0.039368      -0.132000       0.198000     0.000
 18.875000   18.916667   537.40   309.53      -0.028286      -0.462000       0.330000     0.000
 18.916667   18.958333   537.81   309.61       0.018679      -0.066000       0.132000     0.000
 18.958333   19.000000   537.99   309.58      -0.007615      -0.066000       0.066000     0.000
 19.000000   19.041667   538.43   309.43       0.076800      -0.198000       0.396000     0.000
 19.041667   19.083333   538.90   309.22       0.078737      -0.132000       0.330000     0.000
 19.083333   19.125000   539.15   309.00       0.054000      -0.198000       0.330000     0.000
 19.125000   19.166667   539.12   308.81       0.001467      -0.066000       0.066000     0.000
 19.166667   19.208333   538.96   308.65       0.046316      -0.264000       0.264000     0.000
 19.208333   19.250000   538.58   308.53       0.100138      -0.066000       0.264000     0.000
 19.250000   19.291667   538.08   308.45       0.382531      -0.000000       1.056000     0.000
 19.291667   19.333333   537.81   308.37       0.135414      -0.000000       0.330000     0.000
 19.333333   19.375000   537.73   308.31      -0.023100      -0.132000       0.132000     0.000
 19.375000   19.416667   537.76   308.23       0.051700      -0.066000       0.132000     0.000
 19.416667   19.458333   538.01   308.13       0.012100      -0.330000       0.396000     0.000
 19.458333   19.500000   538.22   308.06       0.006600      -0.066000       0.066000     0.000
 19.500000   19.541667   538.51   308.06       0.055000      -0.066000       0.198000     0.000
 19.541667   19.583333   538.86   308.23       0.168300      -0.066000       0.660000     0.000
 19.583333   19.625000   538.94   308.54       0.048400      -0.198000       0.330000     0.000
 19.625000   19.666667   538.61   308.97       0.188100      -0.132000       0.660000     0.000
 19.666667   19.708333   538.13   309.38       1.680800       0.132000       3.036000     0.000
 19.708333   19.750000   537.95   309.81       1.945901       0.792000       3.036000     0.000
 19.750000   19.791667   537.38   310.14       1.454200       0.066000       3.168000     0.000
 19.791667   19.833333   536.96   310.47       0.690800       0.000000       1.650000     0.000
 19.833333   19.875000   536.61   310.74      -0.022000      -0.198000       0.264000     0.000
 19.875000   19.916667   536.55   310.87      -0.047300      -0.396000       0.264000     0.000
 19.916667   19.958333   536.93   311.68      -0.040700      -0.792000       0.594000     0.000
 19.958333   20.000000   537.50   311.52       0.119900      -0.264000       0.594000     0.000
 20.000000   20.041667   538.04   310.82       0.088000      -0.330000       0.594000     0.000
 20.041667   20.083333   538.35   310.14       0.033000      -0.330000       0.396000     0.000
 20.083333   20.125000   538.83   309.54       0.070400      -0.330000       0.594000     0.000
 20.125000   20.166667   539.08   309.05       0.057200      -0.198000       0.198000     0.000
 20.166667   20.208333   539.02   308.72      -0.001100      -0.198000       0.198000     0.000
 20.208333   20.250000   538.70   308.48       0.030800      -0.198000       0.198000     0.000
 20.250000   20.291667   538.43   308.29       0.056100      -0.132000       0.330000     0.000
 20.291667   20.333333   538.03   308.14       0.003300      -0.066000       0.066000     0.000
 20.333333   20.375000   537.85   308.00       0.048400      -0.132000       0.264000     0.000
 20.375000   20.416667   538.07   307.83       0.091300      -0.198000       0.396000     0.000
 20.416667   20.458333   538.58   307.68       0.052800      -0.198000       0.264000     0.000
 20.458333   20.500000   539.02   307.56      -0.001269      -0.132000       0.132000     0.000
 20.500000   20.541667   539.56   307.57       0.013655      -0.066000       0.132000     0.000
 20.541667   20.583333   539.97   307.68      -0.000000      -0.132000       0.264000     0.000
 20.583333   20.625000   540.07   308.00      -0.021600      -0.462000       0.264000     0.000
 20.625000   20.666667   540.02   308.47       0.183857      -0.066000       0.528000     0.000
 20.666667   20.708333   539.92   309.06       0.025667      -0.660000       0.462000     0.000
 20.708333   20.750000   539.54   309.72       0.027600      -0.396000       0.396000     0.000
 20.750000   20.791667   538.96   310.30      -0.011550      -0.462000       0.396000     0.000
 20.791667   20.833333   538.46   310.80       0.043241      -0.396000       0.396000     0.000
