data/MAAP/BO0001R.20130101000000.20131231000000.filter_absorption_photometer.aerosol_absorption_coefficient.pm10.1y.1h.BO01L_MAAP_5012_CHACALTAYA_BOLIVIA.NO01L_MAAP_5012.lev2.nas
76 1001
Andrade, Marcos; Zaratti, Francesco
BO01L, Universidad Mayor de San Andrés, UMSA-LAP, Laboratory for Atmospheric Physics, Campus Cota Cota calle 27, Endifico FCPN piso 3, 04680, La Paz, Bolivia
Velarde, Fernando
GAW-WDCA GUAN ACTRIS
1 1
2013 01 01   2014 03 01
0.041667
days from file reference point
7
1 1 1 1 1 1 1
9999.999999 9999.99 9999.99 999999.999999 999999.999999 999999.999999 9.999
end_time of measurement, days from the file reference point
pressure, hPa, Location=instrument internal, Matrix=instrument, Detection limit=, Detection limit expl.=, Measurement uncertainty=
temperature, K, Location=instrument internal, Matrix=instrument, Detection limit=, Detection limit expl.=, Measurement uncertainty=
aerosol_absorption_coefficient, 1/Mm, Wavelength=670.0 nm
aerosol_absorption_coefficient, 1/Mm, Wavelength=670.0 nm, Statistics=percentile:15.87
aerosol_absorption_coefficient, 1/Mm, Wavelength=670.0 nm, Statistics=percentile:84.13
numflag, no unit
0
55
Data definition:              EBAS_1.1
Set type code:                TU
Timezone:                     UTC
File name:                    BO0001R.20130101000000.20131231000000.filter_absorption_photometer.aerosol_absorption_coefficient.pm10.1y.1h.BO01L_MAAP_5012_CHACALTAYA_BOLIVIA.NO01L_MAAP_5012.lev2.nas
File creation:                20160520145946
Startdate:                    20130101000000
Revision date:                20140301000000
Version:                      1
Version description:          initial revision
Statistics:                   arithmetic mean
Data level:                   2
Period code:                  1y
Resolution code:              1h
Sample duration:              1h
Orig. time res.:              1mn
Station code:                 BO0001R
Platform code:                BO0001S
Station name:   	      Chacaltaya Station Atmospheric Monitoring Site	
Station latitude:             -16.35
Station longitude:            -68.13
Station altitude:             5240m
Measurement latitude:         -16.35
Measurement longitude:        -68.13
Measurement altitude:         5240m
Measurement height:           5.0m
Regime:                       
Component:                    aerosol_absorption_coefficient
Unit:                         1/Mm
Matrix:                       pm10
Instrument type:              filter_absorption_photometer
Laboratory code:              BO01L
Instrument name:              MAAP_5012_CHACALTAYA_BOLIVIA
Instrument manufacturer:      Thermo
Instrument model:             5012
Instrument serial number:     None
Method ref:                   NO01L_MAAP_5012
Standard method:              Single-angle_Correction=none
Inlet type:                   Whole-air inlet
Inlet description:            Automatic heater dryer which is activated for Relative Humidity great than 90%, flow 162.00 l/min
Humidity/temperature control: None
Humidity/temperature control description: passive, sample heated from atmospheric to lab temperature
Volume std. temperature:      273.15K
Volume std. pressure:         1013.25hPa
Detection limit:              0.1 1/Mm
Detection limit expl.:        Determined by instrument noise characteristics, no detection limit flag used
Measurement uncertainty:      6.0 %
Measurement uncertainty expl.: typical value of unit-to-unit variability
Zero/negative values code:    Zero/negative possible
Zero/negative values:         Zero and neg. values may appear due to statistical variations at very low concentrations
Originator:                   Andrade, Marcos, mandrade@atmos.umd.edu, Laboratory for Atmospheric Physics, LAP, , Campus Cota Cota calle 27 FCPN Building piso 3, , 4680, La Paz, Bolivia
Originator:                   Zaratti, Francesco, fzaratti@umsa.bo, Laboratory for Atmospheric Physics, LAP, , Campus Cota Cota calle 27 FCPN Building piso 3, , 4680, La Paz, Bolivia
Submitter:                    Velarde, Fernando, fvelarde@chacaltaya.edu.bo, Laboratory for Atmospheric Physics, LAP, , Campus Cota Cota calle 27 FCPN Building piso 3, , 4680, La Paz, Bolivia
Acknowledgement:              Request acknowledgement details from data originator
Comment:                      None
start_time    end_time   p_int      T_int       abs670       abs670pc16     abs670pc84   numflag 
[from data line 6501]
270.875000  270.916667   536.97    32.69       1.602700       0.990000       2.178000     0.000
270.916667  270.958333   536.96    33.19       1.300201       0.924000       1.782000     0.000
270.958333  271.000000   537.55    33.22       0.914100       0.528000       1.386000     0.000
271.000000  271.041667   538.11    32.97       1.285900       0.858000       1.782000     0.000
271.041667  271.083333   538.71    32.66       1.327700       0.858000       1.980000     0.000
271.083333  271.125000   539.00    32.40       1.288100       0.792000       1.914000     0.000
271.125000  271.166667   539.01    32.17       1.758900       1.320000       2.178000     0.000
271.166667  271.208333   538.72    31.98       1.767700       1.320000       2.244000     0.000
271.208333  271.250000   538.16    31.79       1.728100       1.122000       2.244000     0.000
271.250000  271.291667   537.84    31.62       1.755600       1.254000       2.376000     0.000
271.291667  271.333333   537.44    31.45       1.672000       1.188000       2.178000     0.000
271.333333  271.375000   537.43    31.29       1.603801       1.188000       2.112000     0.000
271.375000  271.416667   537.80    31.14       1.743500       1.254000       2.310000     0.000
271.416667  271.458333   538.05    31.02       1.603800       1.188000       1.980000     0.000
271.458333  271.500000   538.60    30.97       1.658800       1.188000       2.244000     0.000
271.500000  271.541667   539.11    31.01       1.458600       1.056000       1.848000     0.000
271.541667  271.583333   539.26    31.18       1.493250       0.858000       1.980000     0.000
271.583333  271.625000   539.22    31.52       4.254980       2.046000       9.768000     0.000
271.625000  271.666667   539.09    31.76       3.632640       1.650000       7.656000     0.000
271.666667  271.708333   538.90    31.78       1.660154       0.858000       2.442000     0.000
271.708333  271.750000   538.23    31.80       1.399655       0.924000       1.848000     0.000
271.750000  271.791667   537.78    31.83       1.534500       0.990000       1.980000     0.000
271.791667  271.833333   537.18    31.89       1.394800       0.792000       2.046000     0.000
271.833333  271.875000   537.06    31.94       1.438800       0.990000       2.046000     0.000
271.875000  271.916667   537.02    32.03       1.551000       0.792000       2.310000     0.000
271.916667  271.958333   537.18    32.13       1.661000       1.056000       2.244000     0.000
271.958333  272.000000   537.76    32.12       1.894983       1.320000       2.442000     0.000
272.000000  272.041667   538.16    32.01       2.593800       2.112000       3.036000     0.000
272.041667  272.083333   538.83    31.83       2.764300       2.178000       3.234000     0.000
272.083333  272.125000   538.99    31.67       2.326500       1.848000       2.706000     0.000
272.125000  272.166667   538.85    31.54       1.894200       1.386000       2.376000     0.000
272.166667  272.208333   538.38    31.47       1.365101       0.792000       1.980000     0.000
272.208333  272.250000   537.98    31.39       1.963500       1.452000       2.574000     0.000
272.250000  272.291667   537.32    31.29       1.937101       1.518000       2.508000     0.000
272.291667  272.333333   537.09    31.18       1.573000       0.924000       2.244000     0.000
272.333333  272.375000   537.09    31.07       1.202793       0.792000       1.650000     0.000
272.375000  272.416667   537.21    30.94       1.297627       0.858000       1.980000     0.000
272.416667  272.458333   537.72    30.85       1.069698       0.660000       1.518000     0.000
272.458333  272.500000   538.04    30.79       0.974600       0.462000       1.452000     0.000
272.500000  272.541667   538.25    30.77       0.957000       0.528000       1.320000     0.000
272.541667  272.583333   538.38    30.79       0.673655       0.198000       1.188000     0.000
272.583333  272.625000   538.38    30.82       0.867104       0.462000       1.188000     0.000
272.625000  272.666667   538.25    30.65       1.208204       0.660000       1.980000     0.000
272.666667  272.708333   537.84    30.32       1.490211       0.858000       2.046000     0.000
272.708333  272.750000   537.30    30.04       1.711286       1.254000       2.310000     0.000
272.750000  272.791667   536.93    29.77       1.244038       0.726000       1.650000     0.000
272.791667  272.833333   536.38    29.89       1.033154       0.594000       1.716000     0.000
272.833333  272.875000   536.29    30.37       0.947222       0.462000       1.650000     0.000
272.875000  272.916667   536.22    30.94       1.015300       0.462000       1.650000     0.000
272.916667  272.958333   536.48    31.42       0.976800       0.198000       1.650000     0.000
272.958333  273.000000   536.88    31.54       1.305700       0.792000       1.782000     0.000
273.000000  273.041667   536.99    31.47       3.266441       0.990000       5.940000     0.000
273.041667  273.083333   537.26    31.31       4.183034       2.442000       5.940000     0.000
273.083333  273.125000   537.75    31.10       1.750942       1.122000       2.508000     0.000
273.125000  273.166667   537.62    30.91       1.425600       0.726000       2.046000     0.000
273.166667  273.208333   537.13    30.72       0.790778       0.396000       1.320000     0.000
273.208333  273.250000   536.89    30.57       1.268543       0.660000       1.782000     0.000
273.250000  273.291667   536.15    30.47       2.220901       1.650000       2.904000     0.000
273.291667  273.333333   536.00    30.42       2.396900       1.980000       2.838000     0.000
273.333333  273.375000   535.96    30.38       3.069000       2.706000       3.630000     0.000
273.375000  273.416667   536.10    30.33       1.900801       1.452000       2.310000     0.000
273.416667  273.458333   536.23    30.30       1.352441       0.990000       1.782000     0.000
273.458333  273.500000   536.87    30.29       1.395901       1.056000       1.848000     0.000
273.500000  273.541667   537.29    30.36       1.225400       0.792000       1.716000     0.000
273.541667  273.583333   537.45    30.49       1.172600       0.726000       1.716000     0.000
273.583333  273.625000   537.38    30.66       1.266100       0.792000       1.650000     0.000
273.625000  273.666667   537.38    30.81       1.174800       0.726000       1.782000     0.000
273.666667  273.708333   537.11    30.89       1.160500       0.858000       1.518000     0.000
273.708333  273.750000   536.69    30.99       1.114300       0.660000       1.650000     0.000
273.750000  273.791667   536.13    31.16       1.285900       0.792000       1.782000     0.000
273.791667  273.833333   535.76    31.42       1.076900       0.726000       1.518000     0.000
273.833333  273.875000   535.22    31.77       1.252900       0.858000       1.848000     0.000
273.875000  273.916667   535.25    32.17       1.302401       0.858000       1.782000     0.000
273.916667  273.958333   535.81    32.40       2.028400       1.518000       2.574000     0.000
273.958333  274.000000   536.45    32.36       4.506700       3.828000       5.676000     0.000
274.000000  274.041667   537.00    32.17       3.845600       2.244000       5.280000     0.000
274.041667  274.083333   537.59    31.87       2.700500       1.914000       3.630000     0.000
274.083333  274.125000   537.86    31.53       1.549900       1.056000       2.112000     0.000
274.125000  274.166667   537.51    31.21       1.503700       0.924000       2.112000     0.000
274.166667  274.208333   537.10    30.94       1.295800       0.660000       1.782000     0.000
274.208333  274.250000   536.65    30.71       1.417900       0.792000       2.046000     0.000
274.250000  274.291667   536.27    30.53       1.455300       0.924000       1.980000     0.000
274.291667  274.333333   536.22    30.38       1.354100       0.792000       1.914000     0.000
274.333333  274.375000   536.36    30.26       1.655500       1.188000       2.112000     0.000
274.375000  274.416667   536.59    30.16       1.904100       1.452000       2.442000     0.000
274.416667  274.458333   536.95    30.07       1.857900       1.386000       2.508000     0.000
274.458333  274.500000   537.35    30.05       1.766600       1.122000       2.574000     0.000
274.500000  274.541667   537.95    30.13       1.710500       1.122000       2.376000     0.000
274.541667  274.583333   538.09    30.29       2.252801       1.716000       2.904000     0.000
274.583333  274.625000   538.13    30.38       2.314400       1.848000       2.838000     0.000
274.625000  274.666667   538.05    30.39       2.072400       1.584000       2.508000     0.000
274.666667  274.708333   537.66    30.53       1.823800       1.386000       2.376000     0.000
274.708333  274.750000   537.12    30.79       1.739100       1.188000       2.178000     0.000
274.750000  274.791667   536.87    31.14       1.921700       1.452000       2.376000     0.000
274.791667  274.833333   536.66    31.50       1.441000       0.990000       1.980000     0.000
274.833333  274.875000   536.30    31.86       1.211100       0.792000       1.716000     0.000
274.875000  274.916667   536.13    32.20       1.261700       0.792000       1.782000     0.000
274.916667  274.958333   536.23    32.36       1.447600       0.990000       1.980000     0.000
274.958333  275.000000   536.82    32.27       8.465598       6.468000      11.154000     0.000
275.000000  275.041667   537.50    32.03       5.789300       3.762000       7.260000     0.000
275.041667  275.083333   538.07    31.69       3.517800       2.772000       4.158000     0.000
275.083333  275.125000   538.16    31.30       3.444100       2.640000       4.224000     0.000
275.125000  275.166667   538.06    30.98       3.392400       2.442000       4.488000     0.000
275.166667  275.208333   537.87    30.75       1.718200       1.320000       2.178000     0.000
275.208333  275.250000   537.39    30.58       2.299001       1.848000       2.970000     0.000
275.250000  275.291667   537.01    30.44       2.146101       1.716000       2.706000     0.000
275.291667  275.333333   536.83    30.32       1.948100       1.518000       2.442000     0.000
275.333333  275.375000   536.89    30.21       1.855700       1.320000       2.574000     0.000
275.375000  275.416667   537.06    30.11       1.690700       1.188000       2.112000     0.000
275.416667  275.458333   537.48    30.03       1.751200       1.320000       2.310000     0.000
275.458333  275.500000   538.11    30.03       1.505900       0.858000       2.178000     0.000
275.500000  275.541667   538.70    30.16       1.714900       1.188000       2.178000     0.000
275.541667  275.583333   538.92    30.37       1.621400       1.188000       2.178000     0.000
275.583333  275.625000   538.96    30.60       3.333000       2.244000       5.808000     0.000
275.625000  275.666667   538.95    30.83       6.479001       3.564000       9.438000     0.000
275.666667  275.708333   538.45    31.04       4.645300       2.838000       6.468000     0.000
275.708333  275.750000   537.97    31.29       1.807301       1.320000       2.442000     0.000
275.750000  275.791667   537.37    31.62       1.234200       0.792000       1.782000     0.000
275.791667  275.833333   537.10    31.95       0.927300       0.462000       1.518000     0.000
275.833333  275.875000   536.95    32.26       1.003200       0.594000       1.518000     0.000
275.875000  275.916667   536.66    32.63       0.745800       0.330000       1.188000     0.000
275.916667  275.958333   536.87    32.82       0.481800       0.000000       0.990000     0.000
275.958333  276.000000   537.19    32.73       0.708400       0.330000       1.056000     0.000
276.000000  276.041667   537.90    32.51       0.770000       0.396000       1.254000     0.000
276.041667  276.083333   538.15    32.26       0.852500       0.330000       1.386000     0.000
276.083333  276.125000   538.32    32.04       1.091200       0.528000       1.782000     0.000
276.125000  276.166667   538.38    31.85       0.991100       0.594000       1.386000     0.000
276.166667  276.208333   538.11    31.70       0.806300       0.396000       1.320000     0.000
276.208333  276.250000   537.67    31.56       0.922900       0.462000       1.518000     0.000
276.250000  276.291667   537.16    31.43       0.854700       0.462000       1.386000     0.000
276.291667  276.333333   537.07    31.30       0.925100       0.462000       1.386000     0.000
276.333333  276.375000   537.07    31.17       0.262900      -0.000000       0.594000     0.000
276.375000  276.416667   537.44    31.04       0.124300      -0.000000       0.396000     0.000
276.416667  276.458333   537.88    30.95       0.108900       0.000000       0.198000     0.000
276.458333  276.500000   538.26    30.90       0.294800       0.000000       0.726000     0.000
276.500000  276.541667   538.90    30.92       0.635800       0.264000       1.056000     0.000
276.541667  276.583333   539.12    31.09       0.728200       0.264000       1.254000     0.000
276.583333  276.625000   539.16    31.44       1.105500       0.132000       2.838000     0.000
276.625000  276.666667   539.14    31.66       0.456500       0.066000       0.858000     0.000
276.666667  276.708333   538.90    31.47       0.508200       0.066000       1.056000     0.000
276.708333  276.750000   538.25    31.24       0.418000       0.000000       0.858000     0.000
276.750000  276.791667   537.82    31.17       0.280500      -0.000000       0.528000     0.000
276.791667  276.833333   537.12    31.29       0.270600       0.000000       0.726000     0.000
276.833333  276.875000   537.05    31.48       0.409424      -0.000000       0.924000     0.000
276.875000  276.916667   536.96    31.81       0.254100      -0.132000       0.858000     0.000
276.916667  276.958333   537.02    32.28       0.249700      -0.132000       0.660000     0.000
276.958333  277.000000   537.59    32.14       0.438900       0.000000       0.990000     0.000
277.000000  277.041667   538.21    31.66       0.324407      -0.000000       0.660000     0.000
277.041667  277.083333   538.81    31.11       0.273900      -0.066000       0.924000     0.000
277.083333  277.125000   539.00    30.61       0.104034      -0.066000       0.396000     0.000
277.125000  277.166667   538.91    30.35       0.052800      -0.066000       0.198000     0.000
277.166667  277.208333   538.37    30.35       0.077186      -0.000000       0.264000     0.000
277.208333  277.250000   538.02    30.47       0.074800      -0.198000       0.396000     0.000
277.250000  277.291667   537.58    30.58       0.132000       0.000000       0.330000     0.000
277.291667  277.333333   537.12    30.68      -0.040700      -0.330000       0.264000     0.000
277.333333  277.375000   537.08    30.75       0.070475       0.000000       0.198000     0.000
277.375000  277.416667   537.17    30.77       0.020900      -0.132000       0.198000     0.000
277.416667  277.458333   537.78    30.74       0.028600      -0.132000       0.264000     0.000
277.458333  277.500000   538.10    30.76       0.008800      -0.066000       0.132000     0.000
277.500000  277.541667   538.69    30.87      -0.023492      -0.264000       0.198000     0.000
277.541667  277.583333   538.92    31.07       2.636527       0.462000       4.554000     0.000
277.583333  277.625000   538.97    31.30       0.757322       0.066000       1.518000     0.000
277.625000  277.666667   538.94    31.45       0.814000       0.330000       1.320000     0.000
277.666667  277.708333   538.64    31.39       0.705865       0.264000       1.254000     0.000
277.708333  277.750000   538.08    31.31       1.090100       0.528000       1.650000     0.000
